SimNo,ExtThrs,FlexThrs,Prop0,Prop1,Prop2,Prop3,Prop4,Prop5,Prop6,Prop7,Prop8
1,0.25,0,1,0.8,0.75,0.375,0.325,0.2,0.15,0.075,0
2,0.25,0,1,0.8,0.675,0.65,0.275,0.2,0.15,0.1,0.025
3,0.25,0,1,0.8,0.675,0.625,0.25,0.2,0.125,0.05,0
4,0.25,0,1,0.8,0.425,0.4,0.275,0.225,0.15,0.075,0
5,0.25,0,1,0.9,0.675,0.625,0.55,0.525,0.125,0.05,0
6,0.25,0,1,0.8,0.425,0.3,0.275,0.2,0.1,0.05,0
7,0.25,0,1,0.8,0.675,0.3,0.275,0.2,0.1,0.05,0
8,0.25,0,1,0.8,0.75,0.375,0.25,0.2,0.15,0.1,0.025
9,0.25,0,1,0.8,0.75,0.625,0.6,0.55,0.1,0.05,0
10,0.25,0,1,0.8,0.675,0.65,0.275,0.2,0.125,0.05,0
11,0.25,0,1,0.8,0.425,0.3,0.25,0.2,0.125,0.05,0
12,0.25,0,1,0.8,0.75,0.7,0.55,0.15,0.1,0.05,0
13,0.25,0,1,0.8,0.75,0.7,0.575,0.525,0.1,0.05,0
14,0.25,0,1,0.95,0.75,0.375,0.25,0.225,0.15,0.1,0.025
15,0.25,0,1,0.7,0.425,0.35,0.3,0.175,0.1,0.05,0
16,0.25,0,1,0.7,0.425,0.375,0.25,0.2,0.15,0.075,0
17,0.25,0,1,0.7,0.6,0.3,0.275,0.225,0.15,0.075,0
18,0.25,0,1,0.9,0.675,0.65,0.275,0.2,0.15,0.075,0
19,0.25,0,1,0.7,0.425,0.3,0.25,0.2,0.15,0.075,0
20,0.25,0,1,0.8,0.675,0.625,0.2,0.15,0.1,0.05,0
21,0.25,0,1,0.8,0.775,0.725,0.675,0.225,0.1,0.05,0
22,0.25,0,1,0.8,0.425,0.375,0.25,0.2,0.125,0.05,0
23,0.25,0,1,0.8,0.425,0.375,0.25,0.225,0.15,0.075,0
24,0.25,0,1,0.7,0.65,0.375,0.325,0.275,0.15,0.1,0.025
25,0.25,0,1,0.8,0.425,0.375,0.3,0.15,0.1,0.05,0
26,0.25,0,1,0.9,0.6,0.3,0.25,0.175,0.1,0.05,0
27,0.25,0,1,0.8,0.675,0.3,0.25,0.2,0.125,0.05,0
28,0.25,0,1,0.8,0.675,0.625,0.575,0.2,0.15,0.1,0.025
29,0.25,0,1,0.975,0.75,0.375,0.325,0.2,0.125,0.05,0
30,0.25,0,1,0.8,0.675,0.3,0.275,0.225,0.15,0.075,0
31,0.25,0,1,0.8,0.75,0.375,0.25,0.2,0.125,0.05,0
32,0.25,0,1,0.95,0.75,0.375,0.325,0.275,0.15,0.1,0.025
33,0.25,0,1,0.975,0.75,0.375,0.25,0.2,0.15,0.075,0
34,0.25,0,1,0.95,0.75,0.725,0.675,0.275,0.15,0.075,0
35,0.25,0,1,0.975,0.875,0.625,0.575,0.5,0.1,0.05,0
36,0.25,0,1,0.8,0.75,0.375,0.325,0.275,0.15,0.1,0.025
37,0.25,0,1,0.95,0.75,0.375,0.325,0.275,0.15,0.075,0
38,0.25,0,1,0.7,0.425,0.3,0.25,0.2,0.15,0.1,0.025
39,0.25,0,1,0.8,0.75,0.375,0.3,0.225,0.1,0.05,0
40,0.25,0,1,0.9,0.675,0.3,0.275,0.225,0.175,0.1,0.025
41,0.25,0,1,0.8,0.425,0.375,0.25,0.175,0.1,0.05,0
42,0.25,0,1,0.8,0.75,0.325,0.2,0.15,0.125,0.05,0
43,0.25,0,1,0.95,0.75,0.725,0.675,0.25,0.175,0.05,0
44,0.25,0,1,0.8,0.75,0.625,0.575,0.2,0.15,0.075,0
45,0.25,0,1,0.8,0.425,0.35,0.275,0.15,0.1,0.05,0
46,0.25,0,1,0.8,0.75,0.7,0.55,0.15,0.1,0.05,0
47,0.25,0,1,0.8,0.775,0.725,0.3,0.225,0.1,0.05,0
48,0.25,0,1,0.8,0.425,0.375,0.25,0.175,0.125,0.05,0
49,0.25,0,1,0.8,0.75,0.375,0.325,0.2,0.125,0.05,0
50,0.25,0,1,0.8,0.775,0.725,0.6,0.55,0.15,0.075,0
51,0.25,0,1,0.975,0.625,0.375,0.25,0.2,0.15,0.075,0
52,0.25,0,1,0.8,0.75,0.375,0.25,0.225,0.15,0.075,0
53,0.25,0,1,0.7,0.625,0.375,0.25,0.2,0.15,0.075,0
54,0.25,0,1,0.8,0.425,0.375,0.325,0.275,0.2,0.125,0
55,0.25,0,1,0.975,0.75,0.625,0.25,0.2,0.15,0.075,0
56,0.25,0,1,0.9,0.6,0.525,0.25,0.2,0.15,0.075,0
57,0.25,0,1,0.95,0.75,0.375,0.325,0.275,0.225,0.1,0.025
58,0.25,0,1,0.7,0.425,0.375,0.325,0.25,0.175,0.125,0
59,0.25,0,1,0.8,0.75,0.375,0.25,0.2,0.15,0.075,0
60,0.25,0,1,0.7,0.425,0.375,0.25,0.175,0.1,0.05,0
61,0.25,0,1,0.8,0.75,0.375,0.25,0.2,0.15,0.075,0
62,0.25,0,1,0.95,0.725,0.325,0.275,0.225,0.1,0.05,0
63,0.25,0,1,0.975,0.775,0.725,0.35,0.3,0.225,0.125,0
64,0.25,0,1,0.975,0.625,0.375,0.25,0.175,0.1,0.05,0
65,0.25,0,1,0.7,0.625,0.525,0.25,0.175,0.1,0.05,0
66,0.25,0,1,0.95,0.75,0.7,0.65,0.275,0.15,0.075,0
67,0.25,0,1,0.7,0.425,0.4,0.325,0.275,0.15,0.1,0.025
68,0.25,0,1,0.8,0.75,0.625,0.6,0.2,0.15,0.1,0.025
69,0.25,0,1,0.8,0.75,0.375,0.325,0.2,0.15,0.1,0.025
70,0.25,0,1,0.8,0.75,0.375,0.325,0.275,0.225,0.1,0.025
71,0.25,0,1,0.9,0.675,0.3,0.275,0.225,0.15,0.075,0
72,0.25,0,1,0.8,0.675,0.625,0.25,0.2,0.15,0.1,0.025
73,0.25,0,1,0.8,0.775,0.4,0.275,0.2,0.15,0.075,0
74,0.25,0,1,0.8,0.675,0.65,0.275,0.2,0.1,0.05,0
75,0.25,0,1,0.8,0.425,0.35,0.2,0.175,0.125,0.05,0
76,0.25,0,1,0.8,0.425,0.3,0.275,0.2,0.15,0.1,0.025
77,0.25,0,1,0.975,0.625,0.375,0.25,0.2,0.125,0.05,0
78,0.25,0,1,0.975,0.75,0.375,0.325,0.25,0.175,0.05,0
79,0.25,0,1,0.7,0.425,0.375,0.25,0.2,0.15,0.1,0.025
80,0.25,0,1,0.8,0.775,0.725,0.325,0.25,0.1,0.05,0
81,0.25,0,1,0.8,0.775,0.4,0.275,0.2,0.15,0.075,0
82,0.25,0,1,0.8,0.425,0.3,0.25,0.2,0.125,0.05,0
83,0.25,0,1,0.95,0.725,0.325,0.275,0.225,0.1,0.05,0
84,0.25,0,1,0.8,0.75,0.625,0.575,0.15,0.1,0.05,0
85,0.25,0,1,0.8,0.75,0.7,0.575,0.2,0.15,0.1,0.025
86,0.25,0,1,0.8,0.425,0.375,0.25,0.2,0.15,0.075,0
87,0.25,0,1,0.8,0.425,0.375,0.25,0.2,0.125,0.05,0
88,0.25,0,1,0.95,0.75,0.7,0.325,0.2,0.15,0.075,0
89,0.25,0,1,0.9,0.6,0.3,0.25,0.2,0.15,0.1,0.025
90,0.25,0,1,0.7,0.425,0.3,0.25,0.2,0.125,0.05,0
91,0.25,0,1,0.8,0.775,0.65,0.6,0.2,0.125,0.05,0
92,0.25,0,1,0.8,0.425,0.375,0.325,0.2,0.125,0.05,0
93,0.25,0,1,0.7,0.425,0.375,0.325,0.2,0.125,0.05,0
94,0.25,0,1,0.9,0.675,0.625,0.6,0.2,0.15,0.075,0
95,0.25,0,1,0.8,0.75,0.325,0.275,0.15,0.1,0.05,0
96,0.25,0,1,0.8,0.675,0.625,0.6,0.2,0.15,0.075,0
97,0.25,0,1,0.9,0.675,0.625,0.575,0.525,0.125,0.075,0
98,0.25,0,1,0.8,0.425,0.375,0.325,0.25,0.1,0.05,0
99,0.25,0,1,0.95,0.875,0.675,0.275,0.15,0.125,0.05,0
100,0.25,0,1,0.8,0.425,0.375,0.25,0.225,0.15,0.05,0
101,0.25,0,1,0.7,0.425,0.35,0.2,0.15,0.1,0.05,0
102,0.25,0,1,0.9,0.675,0.3,0.275,0.2,0.15,0.1,0.025
103,0.25,0,1,0.8,0.75,0.675,0.275,0.25,0.175,0.05,0
104,0.25,0,1,0.975,0.625,0.375,0.325,0.275,0.225,0.1,0.025
105,0.25,0,1,0.7,0.675,0.4,0.275,0.2,0.15,0.1,0.025
106,0.25,0,1,0.7,0.425,0.375,0.25,0.2,0.125,0.05,0
107,0.25,0,1,0.975,0.775,0.725,0.35,0.225,0.15,0.075,0
108,0.25,0,1,0.8,0.425,0.4,0.325,0.275,0.2,0.05,0
109,0.25,0,1,0.975,0.625,0.375,0.325,0.275,0.2,0.05,0
110,0.25,0,1,0.8,0.425,0.3,0.275,0.2,0.15,0.1,0.025
111,0.25,0,1,0.8,0.775,0.725,0.325,0.2,0.15,0.1,0.025
112,0.25,0,1,0.975,0.775,0.65,0.6,0.2,0.125,0.05,0
113,0.25,0,1,0.8,0.775,0.4,0.275,0.2,0.125,0.05,0
114,0.25,0,1,0.8,0.425,0.3,0.25,0.175,0.1,0.05,0
115,0.25,0,1,0.8,0.425,0.375,0.25,0.175,0.1,0.05,0
116,0.25,0,1,0.8,0.425,0.35,0.3,0.225,0.1,0.05,0
117,0.25,0,1,0.8,0.75,0.375,0.25,0.2,0.125,0.05,0
118,0.25,0,1,0.8,0.75,0.375,0.325,0.275,0.2,0.05,0
119,0.25,0,1,0.8,0.425,0.375,0.325,0.25,0.1,0.05,0
120,0.25,0,1,0.8,0.75,0.625,0.6,0.2,0.15,0.075,0
121,0.25,0,1,0.8,0.75,0.625,0.25,0.2,0.15,0.1,0.025
122,0.25,0,1,0.8,0.675,0.625,0.25,0.2,0.125,0.05,0
123,0.25,0,1,0.9,0.6,0.3,0.25,0.2,0.15,0.075,0
124,0.25,0,1,0.7,0.425,0.3,0.25,0.2,0.125,0.05,0
125,0.25,0,1,0.7,0.425,0.4,0.275,0.2,0.15,0.1,0.025
126,0.25,0,1,0.7,0.425,0.375,0.25,0.2,0.125,0.05,0
127,0.25,0,1,0.8,0.75,0.725,0.325,0.275,0.15,0.075,0
128,0.25,0,1,0.975,0.925,0.7,0.3,0.225,0.1,0.05,0
129,0.25,0,1,0.8,0.775,0.65,0.275,0.2,0.1,0.05,0
130,0.25,0,1,0.8,0.675,0.625,0.25,0.2,0.15,0.1,0.025
131,0.25,0,1,0.8,0.675,0.3,0.275,0.225,0.15,0.075,0
132,0.25,0,1,0.975,0.75,0.375,0.325,0.275,0.15,0.1,0.025
133,0.25,0,1,0.8,0.75,0.375,0.25,0.2,0.15,0.075,0
134,0.25,0,1,0.7,0.425,0.375,0.25,0.2,0.125,0.05,0
135,0.25,0,1,0.8,0.675,0.3,0.25,0.2,0.15,0.1,0.025
136,0.25,0,1,0.8,0.425,0.375,0.325,0.275,0.15,0.1,0.025
137,0.25,0,1,0.7,0.625,0.575,0.325,0.2,0.125,0.05,0
138,0.25,0,1,0.8,0.75,0.375,0.325,0.2,0.15,0.075,0
139,0.25,0,1,0.975,0.775,0.725,0.325,0.2,0.15,0.075,0
140,0.25,0,1,0.95,0.925,0.575,0.325,0.2,0.125,0.05,0
141,0.25,0,1,0.7,0.425,0.375,0.3,0.225,0.1,0.05,0
142,0.25,0,1,0.8,0.425,0.4,0.325,0.2,0.15,0.1,0.025
143,0.25,0,1,0.7,0.6,0.3,0.25,0.2,0.125,0.05,0
144,0.25,0,1,0.975,0.75,0.7,0.275,0.15,0.1,0.05,0
145,0.25,0,1,0.975,0.75,0.375,0.25,0.2,0.15,0.1,0.025
146,0.25,0,1,0.95,0.925,0.575,0.325,0.275,0.15,0.075,0
147,0.25,0,1,0.975,0.75,0.375,0.325,0.2,0.15,0.075,0
148,0.25,0,1,0.9,0.85,0.825,0.6,0.225,0.15,0.075,0
149,0.25,0,1,0.7,0.425,0.375,0.325,0.2,0.15,0.075,0
150,0.25,0,1,0.9,0.875,0.65,0.275,0.2,0.125,0.05,0
151,0.25,0,1,0.975,0.775,0.725,0.3,0.225,0.1,0.05,0
152,0.25,0,1,0.975,0.875,0.625,0.25,0.2,0.15,0.075,0
153,0.25,0,1,0.7,0.425,0.375,0.325,0.275,0.15,0.1,0.025
154,0.25,0,1,0.9,0.875,0.85,0.475,0.2,0.15,0.1,0.025
155,0.25,0,1,0.95,0.75,0.375,0.35,0.275,0.15,0.1,0.025
156,0.25,0,1,0.9,0.675,0.625,0.575,0.2,0.15,0.1,0.025
157,0.25,0,1,0.8,0.425,0.3,0.275,0.2,0.15,0.1,0.025
158,0.25,0,1,0.7,0.425,0.375,0.25,0.2,0.15,0.1,0.025
159,0.25,0,1,0.8,0.675,0.3,0.25,0.2,0.125,0.05,0
160,0.25,0,1,0.8,0.75,0.625,0.6,0.2,0.125,0.05,0
161,0.25,0,1,0.8,0.425,0.3,0.25,0.175,0.1,0.05,0
162,0.25,0,1,0.975,0.775,0.65,0.6,0.225,0.175,0.1,0.025
163,0.25,0,1,0.9,0.85,0.6,0.2,0.15,0.1,0.05,0
164,0.25,0,1,0.975,0.75,0.7,0.275,0.15,0.1,0.05,0
165,0.25,0,1,0.975,0.75,0.375,0.25,0.2,0.125,0.05,0
166,0.25,0,1,0.8,0.75,0.725,0.325,0.2,0.15,0.1,0.025
167,0.25,0,1,0.7,0.425,0.3,0.25,0.225,0.15,0.05,0
168,0.25,0,1,0.9,0.85,0.825,0.8,0.55,0.15,0.075,0
169,0.25,0,1,0.8,0.75,0.625,0.25,0.2,0.125,0.05,0
170,0.25,0,1,0.8,0.675,0.3,0.25,0.2,0.125,0.05,0
171,0.25,0,1,0.8,0.675,0.65,0.6,0.2,0.15,0.075,0
172,0.25,0,1,0.8,0.425,0.4,0.275,0.225,0.15,0.075,0
173,0.25,0,1,0.95,0.75,0.375,0.25,0.2,0.15,0.1,0.025
174,0.25,0,1,0.8,0.425,0.375,0.3,0.225,0.1,0.05,0
175,0.25,0,1,0.7,0.65,0.375,0.325,0.2,0.15,0.1,0.025
176,0.25,0,1,0.8,0.775,0.4,0.35,0.225,0.15,0.1,0.025
177,0.25,0,1,0.8,0.675,0.625,0.25,0.2,0.125,0.05,0
178,0.25,0,1,0.9,0.6,0.3,0.25,0.2,0.125,0.05,0
179,0.25,0,1,0.975,0.75,0.375,0.325,0.25,0.175,0.05,0
180,0.25,0,1,0.8,0.75,0.625,0.25,0.2,0.15,0.1,0.025
181,0.25,0,1,0.8,0.775,0.725,0.325,0.25,0.1,0.05,0
182,0.25,0,1,0.8,0.75,0.675,0.275,0.225,0.175,0.05,0
183,0.25,0,1,0.8,0.675,0.625,0.25,0.175,0.1,0.05,0
184,0.25,0,1,0.8,0.75,0.375,0.25,0.175,0.1,0.05,0
185,0.25,0,1,0.8,0.75,0.725,0.6,0.2,0.15,0.1,0.025
186,0.25,0,1,0.975,0.75,0.375,0.25,0.2,0.15,0.075,0
187,0.25,0,1,0.975,0.675,0.4,0.325,0.2,0.125,0.05,0
188,0.25,0,1,0.8,0.675,0.625,0.55,0.15,0.1,0.05,0
189,0.25,0,1,0.8,0.75,0.325,0.275,0.15,0.1,0.05,0
190,0.25,0,1,0.7,0.425,0.375,0.3,0.15,0.1,0.05,0
191,0.25,0,1,0.8,0.425,0.4,0.325,0.2,0.125,0.05,0
192,0.25,0,1,0.975,0.75,0.625,0.25,0.175,0.1,0.05,0
193,0.25,0,1,0.9,0.6,0.3,0.225,0.15,0.1,0.05,0
194,0.25,0,1,0.8,0.425,0.3,0.25,0.2,0.15,0.1,0.025
195,0.25,0,1,0.7,0.425,0.375,0.325,0.275,0.2,0.05,0
196,0.25,0,1,0.7,0.65,0.575,0.325,0.2,0.15,0.1,0.025
197,0.25,0,1,0.7,0.425,0.375,0.325,0.275,0.15,0.1,0.025
198,0.25,0,1,0.8,0.425,0.375,0.25,0.2,0.15,0.075,0
199,0.25,0,1,0.7,0.65,0.625,0.525,0.275,0.15,0.075,0
200,0.25,0,1,0.7,0.6,0.5,0.45,0.225,0.1,0.05,0
201,0.25,0,1,0.7,0.425,0.4,0.35,0.225,0.15,0.1,0.025
202,0.25,0,1,0.8,0.75,0.7,0.325,0.2,0.125,0.05,0
203,0.25,0,1,0.975,0.75,0.625,0.6,0.2,0.125,0.05,0
204,0.25,0,1,0.8,0.425,0.3,0.25,0.2,0.15,0.075,0
205,0.25,0,1,0.95,0.75,0.7,0.325,0.2,0.15,0.075,0
206,0.25,0,1,0.8,0.425,0.35,0.275,0.225,0.1,0.05,0
207,0.25,0,1,0.8,0.425,0.3,0.25,0.2,0.15,0.1,0.025
208,0.25,0,1,0.7,0.6,0.3,0.225,0.15,0.1,0.05,0
209,0.25,0,1,0.7,0.6,0.3,0.225,0.15,0.1,0.05,0
210,0.25,0,1,0.9,0.875,0.65,0.6,0.55,0.1,0.05,0
211,0.25,0,1,0.8,0.425,0.3,0.25,0.175,0.1,0.05,0
212,0.25,0,1,0.8,0.675,0.3,0.25,0.2,0.15,0.1,0.025
213,0.25,0,1,0.8,0.425,0.375,0.25,0.175,0.1,0.05,0
214,0.25,0,1,0.975,0.875,0.625,0.25,0.2,0.15,0.1,0.025
215,0.25,0,1,0.8,0.425,0.35,0.275,0.15,0.1,0.05,0
216,0.25,0,1,0.8,0.675,0.3,0.275,0.225,0.15,0.1,0.025
217,0.25,0,1,0.8,0.425,0.4,0.325,0.2,0.15,0.075,0
218,0.25,0,1,0.8,0.675,0.3,0.25,0.2,0.15,0.1,0.025
219,0.25,0,1,0.7,0.625,0.375,0.3,0.15,0.1,0.05,0
220,0.25,0,1,0.95,0.575,0.325,0.2,0.15,0.1,0.05,0
221,0.25,0,1,0.8,0.675,0.3,0.25,0.2,0.15,0.075,0
222,0.25,0,1,0.8,0.75,0.325,0.2,0.15,0.1,0.05,0
223,0.25,0,1,0.95,0.75,0.375,0.3,0.15,0.1,0.05,0
224,0.25,0,1,0.8,0.75,0.375,0.25,0.2,0.15,0.075,0
225,0.25,0,1,0.9,0.675,0.625,0.25,0.2,0.15,0.075,0
226,0.25,0,1,0.9,0.675,0.3,0.275,0.2,0.15,0.1,0.025
227,0.25,0,1,0.7,0.625,0.375,0.3,0.225,0.175,0.05,0
228,0.25,0,1,0.8,0.425,0.3,0.275,0.225,0.15,0.075,0
229,0.25,0,1,0.9,0.675,0.3,0.275,0.2,0.125,0.05,0
230,0.25,0,1,0.8,0.75,0.7,0.625,0.225,0.175,0.05,0
231,0.25,0,1,0.9,0.875,0.625,0.25,0.2,0.15,0.075,0
232,0.25,0,1,0.8,0.75,0.375,0.25,0.2,0.15,0.1,0.025
233,0.25,0,1,0.8,0.75,0.7,0.675,0.275,0.15,0.1,0.025
234,0.25,0,1,0.975,0.625,0.375,0.325,0.2,0.15,0.1,0.025
235,0.25,0,1,0.8,0.75,0.625,0.575,0.525,0.15,0.1,0.025
236,0.25,0,1,0.975,0.75,0.625,0.25,0.2,0.15,0.075,0
237,0.25,0,1,0.8,0.425,0.4,0.325,0.275,0.225,0.1,0.025
238,0.25,0,1,0.7,0.425,0.4,0.325,0.275,0.2,0.05,0
239,0.25,0,1,0.8,0.425,0.375,0.325,0.275,0.225,0.1,0.025
240,0.25,0,1,0.8,0.425,0.375,0.25,0.2,0.125,0.05,0
241,0.25,0,1,0.8,0.75,0.625,0.575,0.5,0.1,0.05,0
242,0.25,0,1,0.975,0.675,0.575,0.275,0.2,0.15,0.075,0
243,0.25,0,1,0.8,0.425,0.375,0.325,0.275,0.15,0.075,0
244,0.25,0,1,0.8,0.75,0.625,0.25,0.2,0.15,0.1,0.025
245,0.25,0,1,0.8,0.675,0.3,0.275,0.225,0.15,0.075,0
246,0.25,0,1,0.8,0.425,0.375,0.25,0.175,0.1,0.05,0
247,0.25,0,1,0.975,0.625,0.375,0.25,0.2,0.125,0.05,0
248,0.25,0,1,0.7,0.425,0.375,0.25,0.175,0.1,0.05,0
249,0.25,0,1,0.8,0.75,0.625,0.25,0.225,0.15,0.1,0.025
250,0.25,0,1,0.975,0.75,0.375,0.325,0.2,0.15,0.075,0
251,0.25,0,1,0.8,0.775,0.725,0.6,0.2,0.15,0.1,0.025
252,0.25,0,1,0.7,0.6,0.3,0.225,0.15,0.1,0.05,0
253,0.25,0,1,0.7,0.425,0.375,0.325,0.2,0.125,0.05,0
254,0.25,0,1,0.975,0.625,0.375,0.25,0.2,0.15,0.1,0.025
255,0.25,0,1,0.8,0.75,0.375,0.325,0.275,0.15,0.075,0
256,0.25,0,1,0.8,0.75,0.375,0.325,0.2,0.15,0.075,0
257,0.25,0,1,0.975,0.925,0.7,0.325,0.2,0.125,0.05,0
258,0.25,0,1,0.9,0.675,0.625,0.575,0.2,0.15,0.1,0.025
259,0.25,0,1,0.8,0.425,0.375,0.325,0.2,0.15,0.075,0
260,0.25,0,1,0.8,0.75,0.375,0.325,0.2,0.15,0.075,0
261,0.25,0,1,0.8,0.75,0.7,0.575,0.2,0.15,0.075,0
262,0.25,0,1,0.975,0.75,0.625,0.25,0.2,0.15,0.1,0.025
263,0.25,0,1,0.8,0.75,0.375,0.325,0.2,0.15,0.1,0.025
264,0.25,0,1,0.8,0.75,0.375,0.25,0.2,0.15,0.1,0.025
265,0.25,0,1,0.8,0.775,0.65,0.6,0.55,0.175,0.1,0.025
266,0.25,0,1,0.7,0.425,0.375,0.25,0.2,0.125,0.05,0
267,0.25,0,1,0.9,0.675,0.625,0.55,0.15,0.1,0.05,0
268,0.25,0,1,0.8,0.775,0.4,0.325,0.275,0.15,0.1,0.025
269,0.25,0,1,0.8,0.425,0.3,0.25,0.2,0.125,0.05,0
270,0.25,0,1,0.7,0.425,0.375,0.25,0.2,0.15,0.075,0
271,0.25,0,1,0.7,0.425,0.375,0.35,0.275,0.15,0.1,0.025
272,0.25,0,1,0.8,0.675,0.3,0.25,0.175,0.1,0.05,0
273,0.25,0,1,0.975,0.75,0.7,0.675,0.275,0.15,0.075,0
274,0.25,0,1,0.8,0.75,0.375,0.325,0.2,0.125,0.05,0
275,0.25,0,1,0.7,0.625,0.375,0.25,0.175,0.1,0.05,0
276,0.25,0,1,0.8,0.675,0.625,0.6,0.225,0.15,0.1,0.025
277,0.25,0,1,0.9,0.675,0.3,0.275,0.2,0.15,0.075,0
278,0.25,0,1,0.9,0.6,0.525,0.25,0.2,0.15,0.1,0.025
279,0.25,0,1,0.8,0.75,0.7,0.325,0.275,0.15,0.075,0
280,0.25,0,1,0.8,0.75,0.625,0.6,0.2,0.15,0.1,0.025
281,0.25,0,1,0.8,0.675,0.625,0.575,0.2,0.125,0.05,0
282,0.25,0,1,0.8,0.75,0.375,0.3,0.15,0.1,0.05,0
283,0.25,0,1,0.7,0.425,0.375,0.325,0.275,0.2,0.05,0
284,0.25,0,1,0.7,0.425,0.3,0.25,0.2,0.125,0.05,0
285,0.25,0,1,0.8,0.425,0.375,0.25,0.2,0.15,0.075,0
286,0.25,0,1,0.8,0.75,0.375,0.25,0.2,0.15,0.1,0.025
287,0.25,0,1,0.8,0.775,0.725,0.675,0.275,0.15,0.1,0.025
288,0.25,0,1,0.8,0.75,0.375,0.25,0.2,0.125,0.05,0
289,0.25,0,1,0.8,0.75,0.375,0.25,0.225,0.15,0.1,0.025
290,0.25,0,1,0.9,0.6,0.3,0.25,0.2,0.15,0.1,0.025
291,0.25,0,1,0.95,0.725,0.325,0.275,0.225,0.175,0.05,0
292,0.25,0,1,0.7,0.425,0.3,0.25,0.2,0.15,0.1,0.025
293,0.25,0,1,0.8,0.425,0.375,0.25,0.2,0.15,0.075,0
294,0.25,0,1,0.95,0.75,0.375,0.25,0.225,0.15,0.075,0
295,0.25,0,1,0.9,0.6,0.3,0.25,0.2,0.125,0.05,0
296,0.25,0,1,0.8,0.75,0.625,0.25,0.2,0.15,0.1,0.025
297,0.25,0,1,0.8,0.75,0.7,0.575,0.2,0.125,0.05,0
298,0.25,0,1,0.7,0.675,0.4,0.275,0.2,0.125,0.05,0
299,0.25,0,1,0.95,0.725,0.675,0.275,0.25,0.125,0.075,0
300,0.25,0,1,0.975,0.75,0.725,0.325,0.275,0.15,0.1,0.025
301,0.25,0,1,0.95,0.65,0.375,0.25,0.2,0.15,0.075,0
302,0.25,0,1,0.7,0.425,0.375,0.325,0.25,0.175,0.05,0
303,0.25,0,1,0.95,0.925,0.7,0.65,0.225,0.1,0.05,0
304,0.25,0,1,0.8,0.425,0.35,0.275,0.15,0.1,0.05,0
305,0.25,0,1,0.975,0.75,0.375,0.3,0.225,0.1,0.05,0
306,0.25,0,1,0.7,0.625,0.525,0.475,0.2,0.15,0.1,0.025
307,0.25,0,1,0.7,0.425,0.375,0.325,0.25,0.1,0.05,0
308,0.25,0,1,0.8,0.775,0.65,0.275,0.2,0.125,0.05,0
309,0.25,0,1,0.975,0.675,0.575,0.275,0.225,0.175,0.1,0.025
310,0.25,0,1,0.8,0.675,0.3,0.225,0.15,0.1,0.05,0
311,0.25,0,1,0.7,0.6,0.325,0.2,0.175,0.125,0.075,0
312,0.25,0,1,0.975,0.75,0.375,0.325,0.2,0.125,0.05,0
313,0.25,0,1,0.8,0.75,0.375,0.325,0.275,0.15,0.1,0.025
314,0.25,0,1,0.9,0.675,0.65,0.6,0.225,0.15,0.1,0.025
315,0.25,0,1,0.9,0.675,0.3,0.25,0.2,0.15,0.1,0.025
316,0.25,0,1,0.7,0.425,0.4,0.275,0.2,0.15,0.1,0.025
317,0.25,0,1,0.8,0.75,0.375,0.25,0.2,0.125,0.05,0
318,0.25,0,1,0.7,0.425,0.375,0.325,0.25,0.1,0.05,0
319,0.25,0,1,0.8,0.425,0.375,0.325,0.25,0.1,0.05,0
320,0.25,0,1,0.8,0.675,0.625,0.6,0.55,0.5,0.1,0.025
321,0.25,0,1,0.8,0.425,0.3,0.25,0.2,0.15,0.075,0
322,0.25,0,1,0.9,0.85,0.475,0.2,0.15,0.1,0.05,0
323,0.25,0,1,0.975,0.775,0.4,0.325,0.25,0.175,0.125,0
324,0.25,0,1,0.975,0.75,0.7,0.275,0.225,0.1,0.05,0
325,0.25,0,1,0.975,0.75,0.375,0.325,0.2,0.125,0.05,0
326,0.25,0,1,0.8,0.75,0.375,0.325,0.25,0.175,0.05,0
327,0.25,0,1,0.8,0.675,0.625,0.575,0.2,0.15,0.1,0.025
328,0.25,0,1,0.95,0.825,0.8,0.55,0.15,0.1,0.05,0
329,0.25,0,1,0.8,0.425,0.4,0.325,0.275,0.15,0.075,0
330,0.25,0,1,0.975,0.75,0.625,0.6,0.2,0.15,0.075,0
331,0.25,0,1,0.8,0.75,0.375,0.325,0.275,0.15,0.075,0
332,0.25,0,1,0.7,0.6,0.525,0.25,0.2,0.15,0.075,0
333,0.25,0,1,0.8,0.75,0.325,0.275,0.15,0.1,0.05,0
334,0.25,0,1,0.95,0.75,0.725,0.6,0.55,0.15,0.1,0.025
335,0.25,0,1,0.7,0.425,0.4,0.275,0.225,0.15,0.1,0.025
336,0.25,0,1,0.7,0.425,0.375,0.325,0.2,0.15,0.1,0.025
337,0.25,0,1,0.7,0.6,0.525,0.475,0.2,0.15,0.1,0.025
338,0.25,0,1,0.7,0.625,0.575,0.325,0.275,0.15,0.075,0
339,0.25,0,1,0.975,0.875,0.625,0.25,0.2,0.15,0.1,0.025
340,0.25,0,1,0.8,0.675,0.65,0.275,0.2,0.15,0.075,0
341,0.25,0,1,0.8,0.425,0.375,0.325,0.2,0.15,0.075,0
342,0.25,0,1,0.8,0.675,0.625,0.55,0.15,0.1,0.05,0
343,0.25,0,1,0.95,0.85,0.625,0.25,0.2,0.15,0.075,0
344,0.25,0,1,0.8,0.425,0.375,0.25,0.2,0.15,0.075,0
345,0.25,0,1,0.975,0.75,0.375,0.325,0.2,0.15,0.1,0.025
346,0.25,0,1,0.8,0.425,0.3,0.25,0.2,0.15,0.075,0
347,0.25,0,1,0.7,0.6,0.3,0.25,0.2,0.15,0.075,0
348,0.25,0,1,0.9,0.675,0.3,0.25,0.2,0.15,0.075,0
349,0.25,0,1,0.8,0.75,0.625,0.25,0.2,0.125,0.05,0
350,0.25,0,1,0.8,0.75,0.375,0.25,0.175,0.1,0.05,0
351,0.25,0,1,0.95,0.75,0.7,0.325,0.275,0.15,0.1,0.025
352,0.25,0,1,0.8,0.425,0.375,0.35,0.275,0.15,0.1,0.025
353,0.25,0,1,0.8,0.775,0.725,0.575,0.525,0.1,0.05,0
354,0.25,0,1,0.975,0.625,0.375,0.325,0.2,0.15,0.075,0
355,0.25,0,1,0.8,0.675,0.625,0.575,0.55,0.15,0.075,0
356,0.25,0,1,0.7,0.425,0.3,0.25,0.2,0.15,0.1,0.025
357,0.25,0,1,0.8,0.75,0.375,0.25,0.225,0.15,0.1,0.025
358,0.25,0,1,0.975,0.675,0.4,0.35,0.225,0.15,0.075,0
359,0.25,0,1,0.8,0.425,0.3,0.25,0.225,0.15,0.075,0
360,0.25,0,1,0.8,0.675,0.3,0.25,0.225,0.175,0.1,0.025
361,0.25,0,1,0.975,0.775,0.725,0.325,0.2,0.125,0.05,0
362,0.25,0,1,0.8,0.775,0.4,0.275,0.2,0.15,0.1,0.025
363,0.25,0,1,0.8,0.425,0.3,0.25,0.2,0.175,0.1,0.025
364,0.25,0,1,0.9,0.675,0.625,0.25,0.2,0.125,0.05,0
365,0.25,0,1,0.9,0.875,0.625,0.25,0.2,0.15,0.1,0.025
366,0.25,0,1,0.8,0.75,0.7,0.325,0.25,0.175,0.05,0
367,0.25,0,1,0.95,0.75,0.375,0.325,0.275,0.15,0.1,0.025
368,0.25,0,1,0.8,0.75,0.375,0.25,0.2,0.15,0.075,0
369,0.25,0,1,0.8,0.75,0.625,0.25,0.2,0.15,0.1,0.025
370,0.25,0,1,0.8,0.75,0.7,0.325,0.2,0.15,0.1,0.025
371,0.25,0,1,0.7,0.425,0.375,0.325,0.25,0.175,0.05,0
372,0.25,0,1,0.8,0.425,0.375,0.25,0.175,0.1,0.05,0
373,0.25,0,1,0.8,0.75,0.7,0.3,0.225,0.1,0.05,0
374,0.25,0,1,0.7,0.425,0.375,0.25,0.2,0.15,0.075,0
375,0.25,0,1,0.975,0.75,0.725,0.6,0.2,0.15,0.075,0
376,0.25,0,1,0.9,0.6,0.3,0.25,0.2,0.15,0.1,0.025
377,0.25,0,1,0.7,0.425,0.3,0.25,0.2,0.15,0.1,0.025
378,0.25,0,1,0.8,0.75,0.375,0.25,0.2,0.15,0.075,0
379,0.25,0,1,0.95,0.75,0.375,0.25,0.2,0.125,0.05,0
380,0.25,0,1,0.7,0.675,0.4,0.275,0.225,0.15,0.1,0.025
381,0.25,0,1,0.8,0.675,0.3,0.275,0.2,0.15,0.1,0.025
382,0.25,0,1,0.8,0.75,0.375,0.325,0.2,0.125,0.05,0
383,0.25,0,1,0.975,0.75,0.7,0.65,0.275,0.15,0.075,0
384,0.25,0,1,0.8,0.75,0.375,0.325,0.2,0.125,0.05,0
385,0.25,0,1,0.975,0.775,0.725,0.675,0.625,0.225,0.1,0.025
386,0.25,0,1,0.8,0.425,0.375,0.325,0.275,0.2,0.125,0
387,0.25,0,1,0.8,0.425,0.375,0.325,0.2,0.15,0.075,0
388,0.25,0,1,0.8,0.425,0.375,0.25,0.225,0.15,0.075,0
389,0.25,0,1,0.8,0.425,0.375,0.25,0.2,0.15,0.1,0.025
390,0.25,0,1,0.9,0.675,0.625,0.25,0.2,0.125,0.05,0
391,0.25,0,1,0.8,0.425,0.375,0.35,0.225,0.15,0.075,0
392,0.25,0,1,0.8,0.425,0.375,0.25,0.175,0.125,0.075,0
393,0.25,0,1,0.9,0.875,0.525,0.25,0.2,0.125,0.05,0
394,0.25,0,1,0.8,0.75,0.375,0.325,0.2,0.125,0.05,0
395,0.25,0,1,0.8,0.425,0.3,0.25,0.2,0.15,0.1,0.025
396,0.25,0,1,0.7,0.65,0.375,0.25,0.225,0.15,0.075,0
397,0.25,0,1,0.8,0.425,0.3,0.25,0.2,0.15,0.075,0
398,0.25,0,1,0.8,0.75,0.7,0.325,0.2,0.15,0.1,0.025
399,0.25,0,1,0.975,0.625,0.375,0.325,0.2,0.15,0.1,0.025
400,0.25,0,1,0.7,0.425,0.3,0.25,0.2,0.15,0.075,0
401,0.25,0,1,0.7,0.625,0.375,0.325,0.25,0.175,0.05,0
402,0.25,0,1,0.9,0.875,0.625,0.575,0.2,0.15,0.1,0.025
403,0.25,0,1,0.975,0.75,0.625,0.25,0.2,0.15,0.1,0.025
404,0.25,0,1,0.7,0.425,0.375,0.325,0.275,0.15,0.1,0.025
405,0.25,0,1,0.7,0.6,0.55,0.25,0.2,0.125,0.05,0
406,0.25,0,1,0.8,0.75,0.725,0.325,0.275,0.15,0.075,0
407,0.25,0,1,0.8,0.75,0.7,0.65,0.525,0.1,0.05,0
408,0.25,0,1,0.8,0.425,0.375,0.325,0.2,0.125,0.05,0
409,0.25,0,1,0.9,0.675,0.3,0.275,0.2,0.1,0.05,0
410,0.25,0,1,0.95,0.75,0.625,0.25,0.225,0.15,0.1,0.025
411,0.25,0,1,0.975,0.775,0.725,0.675,0.275,0.2,0.05,0
412,0.25,0,1,0.8,0.75,0.7,0.575,0.55,0.15,0.1,0.025
413,0.25,0,1,0.975,0.875,0.575,0.275,0.2,0.125,0.05,0
414,0.25,0,1,0.975,0.75,0.375,0.25,0.2,0.15,0.075,0
415,0.25,0,1,0.7,0.425,0.375,0.3,0.225,0.175,0.05,0
416,0.25,0,1,0.8,0.425,0.375,0.25,0.2,0.15,0.1,0.025
417,0.25,0,1,0.7,0.425,0.3,0.225,0.15,0.1,0.05,0
418,0.25,0,1,0.9,0.6,0.575,0.275,0.225,0.175,0.1,0.025
419,0.25,0,1,0.8,0.425,0.375,0.325,0.2,0.15,0.1,0.025
420,0.25,0,1,0.8,0.675,0.3,0.275,0.2,0.15,0.075,0
421,0.25,0,1,0.8,0.75,0.725,0.325,0.2,0.125,0.05,0
422,0.25,0,1,0.8,0.75,0.375,0.25,0.2,0.15,0.075,0
423,0.25,0,1,0.7,0.425,0.3,0.25,0.2,0.125,0.05,0
424,0.25,0,1,0.8,0.75,0.7,0.275,0.15,0.1,0.05,0
425,0.25,0,1,0.7,0.675,0.4,0.325,0.175,0.1,0.05,0
426,0.25,0,1,0.7,0.675,0.575,0.325,0.2,0.125,0.05,0
427,0.25,0,1,0.9,0.85,0.6,0.2,0.15,0.1,0.05,0
428,0.25,0,1,0.9,0.6,0.55,0.25,0.225,0.175,0.1,0.025
429,0.25,0,1,0.8,0.75,0.375,0.3,0.15,0.1,0.05,0
430,0.25,0,1,0.975,0.775,0.4,0.35,0.275,0.15,0.075,0
431,0.25,0,1,0.8,0.75,0.375,0.325,0.2,0.15,0.075,0
432,0.25,0,1,0.8,0.425,0.375,0.3,0.225,0.1,0.05,0
433,0.25,0,1,0.975,0.925,0.825,0.575,0.55,0.15,0.075,0
434,0.25,0,1,0.8,0.75,0.375,0.325,0.275,0.225,0.1,0.025
435,0.25,0,1,0.8,0.425,0.3,0.25,0.2,0.125,0.05,0
436,0.25,0,1,0.975,0.75,0.375,0.3,0.15,0.1,0.05,0
437,0.25,0,1,0.7,0.425,0.3,0.25,0.2,0.15,0.075,0
438,0.25,0,1,0.975,0.75,0.375,0.325,0.2,0.15,0.1,0.025
439,0.25,0,1,0.975,0.75,0.375,0.25,0.2,0.125,0.05,0
440,0.25,0,1,0.7,0.425,0.3,0.275,0.225,0.15,0.075,0
441,0.25,0,1,0.8,0.675,0.3,0.25,0.2,0.15,0.1,0.025
442,0.25,0,1,0.8,0.425,0.3,0.225,0.15,0.1,0.05,0
443,0.25,0,1,0.975,0.875,0.625,0.575,0.55,0.15,0.1,0.025
444,0.25,0,1,0.9,0.675,0.3,0.25,0.2,0.15,0.075,0
445,0.25,0,1,0.8,0.675,0.625,0.575,0.2,0.15,0.075,0
446,0.25,0,1,0.95,0.75,0.375,0.35,0.275,0.2,0.05,0
447,0.25,0,1,0.975,0.775,0.65,0.275,0.225,0.15,0.1,0.025
448,0.25,0,1,0.8,0.425,0.375,0.25,0.2,0.15,0.1,0.025
449,0.25,0,1,0.95,0.65,0.625,0.35,0.275,0.175,0.05,0
450,0.25,0,1,0.7,0.625,0.375,0.325,0.275,0.15,0.075,0
451,0.25,0,1,0.7,0.425,0.3,0.275,0.2,0.15,0.1,0.025
452,0.25,0,1,0.975,0.625,0.375,0.325,0.2,0.15,0.1,0.025
453,0.25,0,1,0.9,0.675,0.625,0.2,0.175,0.1,0.05,0
454,0.25,0,1,0.975,0.75,0.7,0.65,0.225,0.1,0.05,0
455,0.25,0,1,0.7,0.425,0.3,0.25,0.2,0.125,0.05,0
456,0.25,0,1,0.95,0.725,0.675,0.625,0.5,0.475,0.425,0
457,0.25,0,1,0.975,0.75,0.375,0.325,0.2,0.15,0.1,0.025
458,0.25,0,1,0.7,0.425,0.4,0.325,0.2,0.125,0.05,0
459,0.25,0,1,0.8,0.675,0.625,0.6,0.2,0.15,0.1,0.025
460,0.25,0,1,0.7,0.675,0.4,0.275,0.2,0.15,0.075,0
461,0.25,0,1,0.975,0.75,0.375,0.325,0.275,0.2,0.05,0
462,0.25,0,1,0.8,0.675,0.3,0.275,0.2,0.15,0.1,0.025
463,0.25,0,1,0.7,0.425,0.375,0.325,0.275,0.15,0.1,0.025
464,0.25,0,1,0.7,0.6,0.525,0.25,0.2,0.15,0.075,0
465,0.25,0,1,0.7,0.425,0.3,0.275,0.2,0.15,0.075,0
466,0.25,0,1,0.8,0.425,0.4,0.275,0.225,0.15,0.075,0
467,0.25,0,1,0.9,0.6,0.525,0.25,0.2,0.15,0.075,0
468,0.25,0,1,0.7,0.425,0.4,0.325,0.25,0.1,0.05,0
469,0.25,0,1,0.8,0.75,0.375,0.25,0.2,0.15,0.1,0.025
470,0.25,0,1,0.9,0.6,0.3,0.275,0.2,0.125,0.05,0
471,0.25,0,1,0.975,0.925,0.9,0.675,0.275,0.15,0.1,0.025
472,0.25,0,1,0.9,0.675,0.3,0.275,0.2,0.125,0.05,0
473,0.25,0,1,0.7,0.425,0.3,0.275,0.2,0.125,0.05,0
474,0.25,0,1,0.9,0.675,0.3,0.25,0.175,0.1,0.05,0
475,0.25,0,1,0.8,0.425,0.375,0.35,0.275,0.15,0.075,0
476,0.25,0,1,0.8,0.75,0.625,0.25,0.175,0.1,0.05,0
477,0.25,0,1,0.8,0.425,0.35,0.275,0.15,0.1,0.05,0
478,0.25,0,1,0.8,0.425,0.375,0.325,0.2,0.125,0.05,0
479,0.25,0,1,0.8,0.75,0.375,0.325,0.2,0.15,0.1,0.025
480,0.25,0,1,0.8,0.75,0.7,0.65,0.6,0.175,0.125,0
481,0.25,0,1,0.9,0.675,0.625,0.25,0.2,0.15,0.1,0.025
482,0.25,0,1,0.8,0.425,0.375,0.25,0.2,0.15,0.1,0.025
483,0.25,0,1,0.8,0.425,0.375,0.25,0.2,0.125,0.05,0
484,0.25,0,1,0.8,0.425,0.3,0.25,0.2,0.15,0.1,0.025
485,0.25,0,1,0.95,0.875,0.675,0.55,0.15,0.1,0.075,0
486,0.25,0,1,0.7,0.6,0.325,0.275,0.225,0.1,0.05,0
487,0.25,0,1,0.8,0.425,0.375,0.25,0.2,0.125,0.05,0
488,0.25,0,1,0.975,0.75,0.375,0.325,0.2,0.15,0.1,0.025
489,0.25,0,1,0.975,0.95,0.725,0.675,0.525,0.1,0.05,0
490,0.25,0,1,0.8,0.675,0.3,0.25,0.2,0.15,0.075,0
491,0.25,0,1,0.8,0.75,0.375,0.25,0.2,0.125,0.05,0
492,0.25,0,1,0.95,0.725,0.325,0.275,0.15,0.1,0.05,0
493,0.25,0,1,0.8,0.425,0.3,0.25,0.175,0.1,0.05,0
494,0.25,0,1,0.8,0.425,0.4,0.325,0.2,0.15,0.1,0.025
495,0.25,0,1,0.8,0.75,0.625,0.25,0.2,0.15,0.1,0.025
496,0.25,0,1,0.8,0.425,0.375,0.25,0.175,0.1,0.05,0
497,0.25,0,1,0.8,0.675,0.3,0.25,0.2,0.15,0.1,0.025
498,0.25,0,1,0.8,0.425,0.375,0.3,0.15,0.1,0.05,0
499,0.25,0,1,0.8,0.75,0.375,0.325,0.25,0.1,0.05,0
500,0.25,0,1,0.9,0.875,0.625,0.575,0.525,0.1,0.05,0
1,0.25,0.25,1,0.8,0.725,0.7,0.275,0.225,0.15,0.05,0
2,0.25,0.25,1,0.8,0.65,0.5,0.4,0.35,0.225,0.05,0
3,0.25,0.25,1,0.8,0.725,0.475,0.425,0.375,0.25,0.1,0
4,0.25,0.25,1,0.825,0.625,0.5,0.475,0.425,0.3,0.25,0
5,0.25,0.25,1,0.825,0.6,0.5,0.45,0.225,0.175,0.05,0
6,0.25,0.25,1,0.75,0.7,0.6,0.375,0.225,0.15,0.1,0
7,0.25,0.25,1,0.825,0.6,0.55,0.425,0.2,0.15,0.1,0
8,0.25,0.25,1,0.875,0.825,0.7,0.45,0.25,0.2,0.15,0
9,0.25,0.25,1,0.925,0.75,0.525,0.475,0.425,0.4,0.175,0
10,0.25,0.25,1,0.825,0.8,0.75,0.325,0.225,0.175,0.125,0
11,0.25,0.25,1,0.825,0.525,0.45,0.35,0.225,0.1,0.05,0
12,0.25,0.25,1,0.8,0.6,0.5,0.3,0.15,0.1,0.05,0
13,0.25,0.25,1,0.975,0.85,0.8,0.475,0.35,0.225,0.05,0
14,0.25,0.25,1,0.825,0.625,0.475,0.4,0.35,0.3,0.2,0
15,0.25,0.25,1,0.75,0.65,0.625,0.325,0.275,0.225,0.175,0
16,0.25,0.25,1,0.825,0.575,0.375,0.325,0.225,0.1,0.05,0
17,0.25,0.25,1,0.8,0.775,0.675,0.425,0.375,0.225,0.05,0
18,0.25,0.25,1,0.825,0.8,0.725,0.55,0.45,0.4,0.05,0
19,0.25,0.25,1,0.8,0.725,0.675,0.4,0.3,0.25,0.2,0
20,0.25,0.25,1,0.85,0.65,0.5,0.3,0.175,0.1,0.05,0
21,0.25,0.25,1,0.825,0.775,0.525,0.35,0.3,0.25,0.2,0
22,0.25,0.25,1,0.975,0.8,0.725,0.425,0.225,0.175,0.05,0
23,0.25,0.25,1,0.8,0.575,0.425,0.3,0.25,0.15,0.05,0
24,0.25,0.25,1,0.875,0.6,0.475,0.35,0.3,0.25,0.05,0
25,0.25,0.25,1,0.8,0.65,0.525,0.475,0.425,0.225,0.175,0
26,0.25,0.25,1,0.825,0.75,0.525,0.35,0.3,0.175,0.05,0
27,0.25,0.25,1,0.925,0.725,0.7,0.5,0.45,0.2,0.15,0
28,0.25,0.25,1,0.85,0.825,0.625,0.4,0.275,0.1,0.05,0
29,0.25,0.25,1,0.975,0.775,0.5,0.45,0.4,0.35,0.25,0
30,0.25,0.25,1,0.725,0.525,0.4,0.3,0.15,0.1,0.05,0
31,0.25,0.25,1,0.85,0.725,0.7,0.675,0.325,0.1,0.05,0
32,0.25,0.25,1,0.95,0.775,0.5,0.375,0.25,0.125,0.05,0
33,0.25,0.25,1,0.8,0.775,0.725,0.425,0.375,0.25,0.05,0
34,0.25,0.25,1,0.975,0.75,0.45,0.325,0.15,0.1,0.05,0
35,0.25,0.25,1,0.775,0.55,0.5,0.45,0.325,0.175,0.125,0
36,0.25,0.25,1,0.8,0.775,0.675,0.4,0.35,0.225,0.05,0
37,0.25,0.25,1,0.975,0.8,0.525,0.375,0.25,0.2,0.05,0
38,0.25,0.25,1,0.975,0.8,0.55,0.4,0.225,0.175,0.125,0
39,0.25,0.25,1,0.85,0.75,0.55,0.35,0.3,0.225,0.175,0
40,0.25,0.25,1,0.8,0.775,0.675,0.6,0.575,0.1,0.05,0
41,0.25,0.25,1,0.825,0.575,0.525,0.425,0.375,0.225,0.175,0
42,0.25,0.25,1,0.875,0.65,0.6,0.55,0.35,0.3,0.175,0
43,0.25,0.25,1,0.8,0.775,0.675,0.4,0.25,0.2,0.15,0
44,0.25,0.25,1,0.8,0.75,0.725,0.65,0.575,0.225,0.175,0
45,0.25,0.25,1,0.825,0.7,0.65,0.45,0.425,0.2,0.05,0
46,0.25,0.25,1,0.95,0.925,0.775,0.65,0.6,0.275,0.05,0
47,0.25,0.25,1,0.8,0.6,0.525,0.425,0.3,0.25,0.2,0
48,0.25,0.25,1,0.95,0.775,0.475,0.35,0.25,0.125,0.075,0
49,0.25,0.25,1,0.875,0.65,0.5,0.275,0.225,0.1,0.05,0
50,0.25,0.25,1,0.825,0.8,0.775,0.725,0.4,0.3,0.05,0
51,0.25,0.25,1,0.95,0.875,0.85,0.6,0.525,0.275,0.05,0
52,0.25,0.25,1,0.9,0.675,0.575,0.325,0.225,0.1,0.05,0
53,0.25,0.25,1,0.85,0.575,0.45,0.325,0.275,0.125,0.05,0
54,0.25,0.25,1,0.975,0.8,0.775,0.45,0.275,0.225,0.175,0
55,0.25,0.25,1,0.975,0.925,0.7,0.6,0.4,0.25,0.2,0
56,0.25,0.25,1,0.85,0.725,0.675,0.425,0.25,0.225,0.175,0
57,0.25,0.25,1,0.825,0.625,0.5,0.425,0.25,0.2,0.15,0
58,0.25,0.25,1,0.95,0.75,0.425,0.375,0.325,0.175,0.15,0
59,0.25,0.25,1,0.975,0.875,0.7,0.675,0.325,0.275,0.05,0
60,0.25,0.25,1,0.825,0.775,0.75,0.7,0.6,0.275,0.05,0
61,0.25,0.25,1,0.825,0.55,0.5,0.45,0.325,0.25,0.125,0
62,0.25,0.25,1,0.825,0.55,0.525,0.425,0.275,0.225,0.175,0
63,0.25,0.25,1,0.925,0.725,0.625,0.575,0.325,0.125,0.075,0
64,0.25,0.25,1,0.975,0.825,0.5,0.375,0.325,0.225,0.175,0
65,0.25,0.25,1,0.825,0.575,0.45,0.3,0.25,0.2,0.05,0
66,0.25,0.25,1,0.75,0.7,0.5,0.35,0.225,0.15,0.05,0
67,0.25,0.25,1,0.825,0.75,0.425,0.4,0.225,0.175,0.125,0
68,0.25,0.25,1,0.8,0.775,0.65,0.6,0.325,0.275,0.225,0
69,0.25,0.25,1,0.8,0.725,0.45,0.4,0.225,0.175,0.05,0
70,0.25,0.25,1,0.8,0.6,0.525,0.4,0.35,0.1,0.05,0
71,0.25,0.25,1,0.925,0.9,0.675,0.325,0.25,0.2,0.05,0
72,0.25,0.25,1,0.775,0.55,0.5,0.4,0.375,0.175,0.05,0
73,0.25,0.25,1,0.8,0.675,0.65,0.45,0.275,0.225,0.05,0
74,0.25,0.25,1,0.825,0.8,0.525,0.4,0.225,0.1,0.05,0
75,0.25,0.25,1,0.8,0.775,0.45,0.325,0.225,0.175,0.05,0
76,0.25,0.25,1,0.975,0.775,0.65,0.3,0.25,0.2,0.15,0
77,0.25,0.25,1,0.85,0.6,0.575,0.325,0.275,0.15,0.1,0
78,0.25,0.25,1,0.925,0.775,0.725,0.325,0.15,0.1,0.05,0
79,0.25,0.25,1,0.825,0.575,0.375,0.325,0.225,0.1,0.05,0
80,0.25,0.25,1,0.825,0.8,0.725,0.675,0.375,0.25,0.2,0
81,0.25,0.25,1,0.775,0.575,0.45,0.3,0.25,0.2,0.125,0
82,0.25,0.25,1,0.975,0.825,0.575,0.325,0.275,0.15,0.05,0
83,0.25,0.25,1,0.825,0.575,0.45,0.325,0.275,0.175,0.05,0
84,0.25,0.25,1,0.85,0.8,0.525,0.45,0.4,0.175,0.05,0
85,0.25,0.25,1,0.8,0.7,0.525,0.325,0.25,0.2,0.15,0
86,0.25,0.25,1,0.975,0.775,0.675,0.45,0.325,0.275,0.225,0
87,0.25,0.25,1,0.775,0.55,0.45,0.35,0.3,0.25,0.2,0
88,0.25,0.25,1,0.85,0.525,0.4,0.3,0.175,0.125,0.075,0
89,0.25,0.25,1,0.8,0.75,0.5,0.45,0.325,0.175,0.05,0
90,0.25,0.25,1,0.975,0.8,0.75,0.5,0.375,0.175,0.05,0
91,0.25,0.25,1,0.825,0.625,0.475,0.375,0.25,0.1,0.05,0
92,0.25,0.25,1,0.825,0.8,0.525,0.45,0.325,0.275,0.225,0
93,0.25,0.25,1,0.85,0.575,0.425,0.375,0.275,0.225,0.175,0
94,0.25,0.25,1,0.825,0.75,0.525,0.475,0.375,0.15,0.05,0
95,0.25,0.25,1,0.9,0.725,0.6,0.5,0.45,0.4,0.325,0
96,0.25,0.25,1,0.95,0.75,0.7,0.475,0.375,0.225,0.175,0
97,0.25,0.25,1,0.8,0.6,0.525,0.475,0.35,0.15,0.05,0
98,0.25,0.25,1,0.975,0.9,0.85,0.625,0.325,0.1,0.05,0
99,0.25,0.25,1,0.8,0.625,0.5,0.375,0.325,0.275,0.05,0
100,0.25,0.25,1,0.8,0.75,0.575,0.525,0.375,0.2,0.175,0
101,0.25,0.25,1,0.8,0.575,0.425,0.375,0.3,0.25,0.125,0
102,0.25,0.25,1,0.825,0.575,0.45,0.3,0.275,0.1,0.05,0
103,0.25,0.25,1,0.975,0.8,0.475,0.35,0.3,0.225,0.05,0
104,0.25,0.25,1,0.8,0.675,0.625,0.575,0.275,0.2,0.15,0
105,0.25,0.25,1,0.8,0.75,0.55,0.425,0.275,0.125,0.05,0
106,0.25,0.25,1,0.825,0.525,0.45,0.35,0.225,0.1,0.05,0
107,0.25,0.25,1,0.825,0.75,0.65,0.375,0.325,0.275,0.25,0
108,0.25,0.25,1,0.8,0.625,0.45,0.4,0.25,0.1,0.05,0
109,0.25,0.25,1,0.95,0.8,0.725,0.7,0.375,0.2,0.05,0
110,0.25,0.25,1,0.85,0.65,0.45,0.4,0.3,0.1,0.05,0
111,0.25,0.25,1,0.775,0.6,0.575,0.425,0.25,0.2,0.15,0
112,0.25,0.25,1,0.75,0.525,0.425,0.4,0.35,0.175,0.05,0
113,0.25,0.25,1,0.85,0.6,0.475,0.45,0.2,0.15,0.1,0
114,0.25,0.25,1,0.9,0.85,0.65,0.625,0.55,0.25,0.2,0
115,0.25,0.25,1,0.8,0.775,0.675,0.425,0.2,0.15,0.05,0
116,0.25,0.25,1,0.8,0.55,0.425,0.375,0.325,0.275,0.15,0
117,0.25,0.25,1,0.95,0.775,0.525,0.375,0.35,0.175,0.05,0
118,0.25,0.25,1,0.925,0.7,0.475,0.45,0.4,0.15,0.1,0
119,0.25,0.25,1,0.85,0.675,0.625,0.6,0.4,0.25,0.05,0
120,0.25,0.25,1,0.8,0.55,0.5,0.375,0.2,0.15,0.1,0
121,0.25,0.25,1,0.85,0.75,0.5,0.325,0.275,0.1,0.05,0
122,0.25,0.25,1,0.875,0.75,0.525,0.35,0.225,0.1,0.05,0
123,0.25,0.25,1,0.8,0.7,0.475,0.325,0.275,0.125,0.05,0
124,0.25,0.25,1,0.775,0.575,0.525,0.425,0.375,0.25,0.125,0
125,0.25,0.25,1,0.85,0.6,0.525,0.45,0.325,0.275,0.225,0
126,0.25,0.25,1,0.95,0.725,0.525,0.475,0.325,0.175,0.05,0
127,0.25,0.25,1,0.925,0.7,0.65,0.4,0.35,0.3,0.25,0
128,0.25,0.25,1,0.975,0.875,0.8,0.575,0.525,0.175,0.05,0
129,0.25,0.25,1,0.825,0.8,0.75,0.725,0.375,0.25,0.05,0
130,0.25,0.25,1,0.8,0.775,0.525,0.475,0.35,0.3,0.175,0
131,0.25,0.25,1,0.95,0.7,0.4,0.375,0.225,0.175,0.05,0
132,0.25,0.25,1,0.825,0.8,0.475,0.35,0.2,0.15,0.05,0
133,0.25,0.25,1,0.8,0.725,0.7,0.325,0.2,0.15,0.05,0
134,0.25,0.25,1,0.85,0.75,0.525,0.5,0.3,0.25,0.05,0
135,0.25,0.25,1,0.85,0.575,0.45,0.425,0.225,0.175,0.125,0
136,0.25,0.25,1,0.8,0.7,0.5,0.45,0.375,0.325,0.125,0
137,0.25,0.25,1,0.825,0.625,0.45,0.4,0.275,0.1,0.05,0
138,0.25,0.25,1,0.85,0.725,0.7,0.45,0.25,0.1,0.05,0
139,0.25,0.25,1,0.8,0.725,0.5,0.35,0.2,0.15,0.1,0
140,0.25,0.25,1,0.975,0.9,0.7,0.675,0.625,0.225,0.05,0
141,0.25,0.25,1,0.85,0.825,0.725,0.375,0.175,0.125,0.075,0
142,0.25,0.25,1,0.925,0.75,0.725,0.7,0.275,0.225,0.175,0
143,0.25,0.25,1,0.95,0.8,0.775,0.45,0.3,0.15,0.05,0
144,0.25,0.25,1,0.775,0.525,0.45,0.375,0.3,0.1,0.05,0
145,0.25,0.25,1,0.85,0.8,0.475,0.425,0.3,0.175,0.125,0
146,0.25,0.25,1,0.8,0.55,0.425,0.3,0.25,0.125,0.05,0
147,0.25,0.25,1,0.925,0.75,0.45,0.275,0.175,0.1,0.05,0
148,0.25,0.25,1,0.8,0.55,0.425,0.3,0.275,0.225,0.05,0
149,0.25,0.25,1,0.85,0.65,0.475,0.425,0.25,0.2,0.05,0
150,0.25,0.25,1,0.85,0.575,0.425,0.375,0.325,0.175,0.125,0
151,0.25,0.25,1,0.975,0.8,0.5,0.45,0.375,0.175,0.05,0
152,0.25,0.25,1,0.975,0.775,0.5,0.375,0.25,0.1,0.05,0
153,0.25,0.25,1,0.8,0.6,0.525,0.45,0.4,0.225,0.175,0
154,0.25,0.25,1,0.825,0.6,0.5,0.325,0.2,0.1,0.05,0
155,0.25,0.25,1,0.925,0.7,0.5,0.45,0.3,0.25,0.05,0
156,0.25,0.25,1,0.85,0.65,0.45,0.4,0.35,0.225,0.175,0
157,0.25,0.25,1,0.8,0.775,0.475,0.35,0.3,0.2,0.15,0
158,0.25,0.25,1,0.975,0.825,0.525,0.3,0.25,0.1,0.05,0
159,0.25,0.25,1,0.975,0.775,0.75,0.45,0.4,0.25,0.05,0
160,0.25,0.25,1,0.85,0.825,0.5,0.45,0.325,0.2,0.05,0
161,0.25,0.25,1,0.95,0.775,0.5,0.35,0.275,0.225,0.175,0
162,0.25,0.25,1,0.85,0.825,0.625,0.575,0.425,0.375,0.325,0
163,0.25,0.25,1,0.95,0.775,0.575,0.55,0.425,0.15,0.05,0
164,0.25,0.25,1,0.8,0.775,0.5,0.375,0.275,0.1,0.05,0
165,0.25,0.25,1,0.825,0.7,0.4,0.375,0.25,0.1,0.05,0
166,0.25,0.25,1,0.975,0.925,0.75,0.5,0.4,0.3,0.25,0
167,0.25,0.25,1,0.875,0.85,0.8,0.75,0.5,0.375,0.175,0
168,0.25,0.25,1,0.825,0.8,0.675,0.65,0.325,0.275,0.05,0
169,0.25,0.25,1,0.85,0.6,0.5,0.45,0.4,0.35,0.225,0
170,0.25,0.25,1,0.975,0.825,0.525,0.4,0.275,0.225,0.05,0
171,0.25,0.25,1,0.775,0.725,0.525,0.5,0.45,0.25,0.05,0
172,0.25,0.25,1,0.825,0.6,0.475,0.35,0.175,0.125,0.05,0
173,0.25,0.25,1,0.85,0.825,0.8,0.75,0.4,0.275,0.05,0
174,0.25,0.25,1,0.85,0.55,0.475,0.325,0.275,0.225,0.15,0
175,0.25,0.25,1,0.8,0.75,0.7,0.45,0.4,0.275,0.2,0
176,0.25,0.25,1,0.8,0.75,0.7,0.6,0.375,0.175,0.05,0
177,0.25,0.25,1,0.8,0.7,0.675,0.375,0.25,0.2,0.15,0
178,0.25,0.25,1,0.775,0.675,0.375,0.275,0.225,0.15,0.05,0
179,0.25,0.25,1,0.85,0.775,0.725,0.7,0.375,0.25,0.2,0
180,0.25,0.25,1,0.8,0.75,0.6,0.5,0.45,0.2,0.05,0
181,0.25,0.25,1,0.825,0.675,0.55,0.35,0.275,0.1,0.05,0
182,0.25,0.25,1,0.8,0.575,0.475,0.35,0.225,0.175,0.05,0
183,0.25,0.25,1,0.8,0.75,0.725,0.45,0.35,0.3,0.05,0
184,0.25,0.25,1,0.8,0.775,0.7,0.375,0.25,0.2,0.05,0
185,0.25,0.25,1,0.825,0.8,0.575,0.4,0.225,0.1,0.05,0
186,0.25,0.25,1,0.8,0.6,0.45,0.35,0.3,0.175,0.125,0
187,0.25,0.25,1,0.9,0.7,0.45,0.4,0.225,0.175,0.05,0
188,0.25,0.25,1,0.85,0.7,0.65,0.625,0.4,0.35,0.125,0
189,0.25,0.25,1,0.825,0.625,0.5,0.45,0.275,0.1,0.05,0
190,0.25,0.25,1,0.9,0.6,0.55,0.45,0.4,0.225,0.15,0
191,0.25,0.25,1,0.825,0.8,0.75,0.45,0.4,0.275,0.225,0
192,0.25,0.25,1,0.85,0.825,0.8,0.4,0.225,0.175,0.05,0
193,0.25,0.25,1,0.975,0.8,0.775,0.65,0.275,0.1,0.05,0
194,0.25,0.25,1,0.725,0.45,0.375,0.325,0.175,0.1,0.05,0
195,0.25,0.25,1,0.8,0.75,0.675,0.35,0.275,0.225,0.05,0
196,0.25,0.25,1,0.975,0.925,0.825,0.6,0.375,0.25,0.2,0
197,0.25,0.25,1,0.8,0.7,0.65,0.325,0.275,0.15,0.05,0
198,0.25,0.25,1,0.8,0.6,0.425,0.375,0.225,0.175,0.05,0
199,0.25,0.25,1,0.825,0.8,0.725,0.7,0.325,0.275,0.05,0
200,0.25,0.25,1,0.8,0.75,0.475,0.35,0.25,0.175,0.05,0
201,0.25,0.25,1,0.85,0.575,0.525,0.35,0.275,0.125,0.075,0
202,0.25,0.25,1,0.775,0.675,0.5,0.45,0.4,0.275,0.225,0
203,0.25,0.25,1,0.975,0.875,0.675,0.65,0.35,0.3,0.05,0
204,0.25,0.25,1,0.95,0.775,0.675,0.625,0.35,0.175,0.05,0
205,0.25,0.25,1,0.875,0.575,0.525,0.375,0.325,0.275,0.125,0
206,0.25,0.25,1,0.8,0.775,0.725,0.65,0.275,0.15,0.1,0
207,0.25,0.25,1,0.975,0.775,0.55,0.425,0.3,0.1,0.05,0
208,0.25,0.25,1,0.85,0.6,0.475,0.35,0.225,0.175,0.125,0
209,0.25,0.25,1,0.825,0.8,0.525,0.4,0.275,0.225,0.175,0
210,0.25,0.25,1,0.825,0.8,0.775,0.675,0.6,0.1,0.05,0
211,0.25,0.25,1,0.85,0.825,0.575,0.475,0.425,0.275,0.05,0
212,0.25,0.25,1,0.775,0.75,0.7,0.45,0.275,0.1,0.05,0
213,0.25,0.25,1,0.75,0.675,0.425,0.4,0.35,0.1,0.05,0
214,0.25,0.25,1,0.975,0.675,0.475,0.425,0.3,0.15,0.05,0
215,0.25,0.25,1,0.8,0.775,0.725,0.45,0.375,0.2,0.15,0
216,0.25,0.25,1,0.8,0.575,0.45,0.4,0.25,0.15,0.1,0
217,0.25,0.25,1,0.8,0.7,0.475,0.425,0.25,0.1,0.05,0
218,0.25,0.25,1,0.775,0.525,0.4,0.35,0.225,0.125,0.075,0
219,0.25,0.25,1,0.825,0.6,0.55,0.425,0.4,0.175,0.05,0
220,0.25,0.25,1,0.8,0.7,0.625,0.575,0.25,0.175,0.125,0
221,0.25,0.25,1,0.975,0.775,0.55,0.5,0.35,0.175,0.05,0
222,0.25,0.25,1,0.85,0.8,0.6,0.525,0.325,0.275,0.05,0
223,0.25,0.25,1,0.925,0.725,0.4,0.3,0.175,0.125,0.05,0
224,0.25,0.25,1,0.975,0.775,0.5,0.45,0.325,0.225,0.05,0
225,0.25,0.25,1,0.9,0.875,0.825,0.575,0.35,0.275,0.225,0
226,0.25,0.25,1,0.775,0.575,0.525,0.425,0.225,0.175,0.125,0
227,0.25,0.25,1,0.8,0.775,0.75,0.45,0.3,0.1,0.05,0
228,0.25,0.25,1,0.825,0.8,0.525,0.375,0.325,0.225,0.175,0
229,0.25,0.25,1,0.8,0.575,0.525,0.35,0.2,0.1,0.05,0
230,0.25,0.25,1,0.85,0.675,0.45,0.325,0.2,0.15,0.1,0
231,0.25,0.25,1,0.8,0.6,0.55,0.425,0.25,0.1,0.05,0
232,0.25,0.25,1,0.85,0.6,0.5,0.45,0.325,0.1,0.05,0
233,0.25,0.25,1,0.9,0.8,0.475,0.425,0.25,0.15,0.1,0
234,0.25,0.25,1,0.825,0.7,0.65,0.35,0.225,0.175,0.05,0
235,0.25,0.25,1,0.875,0.7,0.5,0.325,0.275,0.225,0.05,0
236,0.25,0.25,1,0.8,0.525,0.5,0.45,0.325,0.15,0.1,0
237,0.25,0.25,1,0.8,0.75,0.675,0.65,0.575,0.55,0.05,0
238,0.25,0.25,1,0.975,0.8,0.5,0.375,0.3,0.25,0.2,0
239,0.25,0.25,1,0.9,0.7,0.45,0.4,0.375,0.175,0.05,0
240,0.25,0.25,1,0.975,0.95,0.875,0.75,0.35,0.3,0.05,0
241,0.25,0.25,1,0.775,0.475,0.425,0.375,0.3,0.15,0.05,0
242,0.25,0.25,1,0.825,0.725,0.475,0.3,0.25,0.1,0.05,0
243,0.25,0.25,1,0.8,0.575,0.5,0.35,0.25,0.2,0.05,0
244,0.25,0.25,1,0.975,0.95,0.75,0.4,0.275,0.225,0.175,0
245,0.25,0.25,1,0.875,0.625,0.525,0.475,0.45,0.325,0.05,0
246,0.25,0.25,1,0.825,0.575,0.55,0.45,0.25,0.1,0.05,0
247,0.25,0.25,1,0.825,0.775,0.525,0.4,0.25,0.2,0.15,0
248,0.25,0.25,1,0.85,0.625,0.5,0.375,0.325,0.275,0.175,0
249,0.25,0.25,1,0.825,0.7,0.5,0.35,0.15,0.1,0.05,0
250,0.25,0.25,1,0.825,0.625,0.575,0.45,0.4,0.15,0.1,0
251,0.25,0.25,1,0.975,0.8,0.675,0.625,0.25,0.2,0.15,0
252,0.25,0.25,1,0.925,0.725,0.65,0.35,0.175,0.125,0.05,0
253,0.25,0.25,1,0.8,0.7,0.625,0.35,0.175,0.125,0.075,0
254,0.25,0.25,1,0.8,0.75,0.725,0.4,0.275,0.225,0.05,0
255,0.25,0.25,1,0.975,0.8,0.725,0.675,0.65,0.6,0.525,0
256,0.25,0.25,1,0.825,0.6,0.475,0.45,0.275,0.225,0.05,0
257,0.25,0.25,1,0.85,0.825,0.6,0.55,0.5,0.375,0.325,0
258,0.25,0.25,1,0.925,0.9,0.725,0.7,0.375,0.1,0.05,0
259,0.25,0.25,1,0.8,0.7,0.65,0.4,0.35,0.25,0.1,0
260,0.25,0.25,1,0.775,0.75,0.65,0.375,0.35,0.3,0.25,0
261,0.25,0.25,1,0.825,0.8,0.725,0.375,0.325,0.2,0.05,0
262,0.25,0.25,1,0.975,0.825,0.725,0.5,0.3,0.1,0.05,0
263,0.25,0.25,1,0.825,0.725,0.375,0.275,0.225,0.1,0.05,0
264,0.25,0.25,1,0.975,0.8,0.55,0.525,0.4,0.35,0.3,0
265,0.25,0.25,1,0.825,0.725,0.45,0.3,0.2,0.1,0.05,0
266,0.25,0.25,1,0.825,0.6,0.55,0.375,0.25,0.2,0.15,0
267,0.25,0.25,1,0.825,0.775,0.675,0.425,0.25,0.2,0.05,0
268,0.25,0.25,1,0.825,0.8,0.575,0.5,0.45,0.4,0.15,0
269,0.25,0.25,1,0.825,0.575,0.425,0.4,0.2,0.15,0.1,0
270,0.25,0.25,1,0.825,0.6,0.575,0.325,0.225,0.1,0.05,0
271,0.25,0.25,1,0.95,0.75,0.525,0.4,0.375,0.175,0.125,0
272,0.25,0.25,1,0.8,0.625,0.5,0.375,0.2,0.15,0.05,0
273,0.25,0.25,1,0.825,0.575,0.475,0.35,0.225,0.175,0.125,0
274,0.25,0.25,1,0.925,0.75,0.725,0.7,0.65,0.1,0.05,0
275,0.25,0.25,1,0.825,0.7,0.65,0.625,0.55,0.175,0.05,0
276,0.25,0.25,1,0.85,0.825,0.55,0.5,0.325,0.2,0.15,0
277,0.25,0.25,1,0.8,0.575,0.45,0.35,0.275,0.225,0.175,0
278,0.25,0.25,1,0.8,0.675,0.625,0.425,0.275,0.225,0.15,0
279,0.25,0.25,1,0.825,0.6,0.575,0.45,0.275,0.225,0.175,0
280,0.25,0.25,1,0.975,0.8,0.575,0.425,0.325,0.275,0.05,0
281,0.25,0.25,1,0.7,0.675,0.5,0.35,0.3,0.175,0.05,0
282,0.25,0.25,1,0.85,0.725,0.45,0.375,0.2,0.1,0.05,0
283,0.25,0.25,1,0.95,0.8,0.775,0.5,0.45,0.25,0.05,0
284,0.25,0.25,1,0.85,0.825,0.8,0.45,0.3,0.25,0.2,0
285,0.25,0.25,1,0.825,0.775,0.7,0.625,0.25,0.2,0.15,0
286,0.25,0.25,1,0.85,0.725,0.675,0.425,0.375,0.2,0.1,0
287,0.25,0.25,1,0.95,0.875,0.65,0.45,0.35,0.175,0.125,0
288,0.25,0.25,1,0.85,0.825,0.55,0.35,0.225,0.175,0.125,0
289,0.25,0.25,1,0.975,0.8,0.725,0.675,0.625,0.225,0.175,0
290,0.25,0.25,1,0.8,0.55,0.425,0.4,0.225,0.175,0.125,0
291,0.25,0.25,1,0.95,0.75,0.475,0.35,0.3,0.25,0.125,0
292,0.25,0.25,1,0.975,0.8,0.75,0.45,0.3,0.25,0.175,0
293,0.25,0.25,1,0.8,0.55,0.5,0.375,0.325,0.275,0.15,0
294,0.25,0.25,1,0.825,0.775,0.575,0.45,0.35,0.25,0.2,0
295,0.25,0.25,1,0.95,0.8,0.55,0.525,0.4,0.225,0.05,0
296,0.25,0.25,1,0.725,0.55,0.4,0.325,0.275,0.175,0.125,0
297,0.25,0.25,1,0.8,0.75,0.7,0.625,0.35,0.275,0.05,0
298,0.25,0.25,1,0.8,0.775,0.525,0.4,0.2,0.15,0.05,0
299,0.25,0.25,1,0.975,0.8,0.75,0.725,0.475,0.3,0.25,0
300,0.25,0.25,1,0.975,0.8,0.775,0.525,0.275,0.225,0.175,0
301,0.25,0.25,1,0.75,0.675,0.425,0.275,0.15,0.1,0.05,0
302,0.25,0.25,1,0.85,0.575,0.55,0.45,0.4,0.3,0.05,0
303,0.25,0.25,1,0.825,0.6,0.475,0.45,0.3,0.25,0.05,0
304,0.25,0.25,1,0.825,0.8,0.775,0.4,0.275,0.225,0.175,0
305,0.25,0.25,1,0.925,0.9,0.825,0.6,0.225,0.175,0.05,0
306,0.25,0.25,1,0.975,0.775,0.75,0.725,0.35,0.1,0.05,0
307,0.25,0.25,1,0.825,0.575,0.45,0.4,0.3,0.175,0.125,0
308,0.25,0.25,1,0.8,0.75,0.6,0.425,0.35,0.1,0.05,0
309,0.25,0.25,1,0.75,0.575,0.475,0.45,0.4,0.225,0.175,0
310,0.25,0.25,1,0.75,0.7,0.475,0.35,0.225,0.1,0.05,0
311,0.25,0.25,1,0.975,0.75,0.7,0.575,0.55,0.275,0.225,0
312,0.25,0.25,1,0.8,0.525,0.475,0.375,0.3,0.175,0.125,0
313,0.25,0.25,1,0.9,0.675,0.4,0.35,0.325,0.15,0.05,0
314,0.25,0.25,1,0.975,0.775,0.525,0.375,0.25,0.2,0.05,0
315,0.25,0.25,1,0.85,0.575,0.45,0.425,0.3,0.1,0.05,0
316,0.25,0.25,1,0.9,0.75,0.725,0.7,0.3,0.25,0.05,0
317,0.25,0.25,1,0.975,0.85,0.525,0.475,0.35,0.2,0.15,0
318,0.25,0.25,1,0.85,0.575,0.525,0.4,0.3,0.175,0.125,0
319,0.25,0.25,1,0.825,0.725,0.475,0.425,0.35,0.25,0.05,0
320,0.25,0.25,1,0.925,0.75,0.5,0.4,0.2,0.1,0.05,0
321,0.25,0.25,1,0.825,0.8,0.725,0.375,0.225,0.175,0.125,0
322,0.25,0.25,1,0.9,0.7,0.675,0.65,0.35,0.1,0.05,0
323,0.25,0.25,1,0.9,0.725,0.675,0.425,0.375,0.325,0.1,0
324,0.25,0.25,1,0.75,0.55,0.5,0.325,0.225,0.175,0.05,0
325,0.25,0.25,1,0.975,0.675,0.425,0.325,0.175,0.1,0.05,0
326,0.25,0.25,1,0.8,0.775,0.725,0.475,0.35,0.225,0.175,0
327,0.25,0.25,1,0.75,0.725,0.55,0.5,0.35,0.1,0.05,0
328,0.25,0.25,1,0.8,0.6,0.45,0.4,0.275,0.2,0.15,0
329,0.25,0.25,1,0.8,0.525,0.425,0.375,0.25,0.2,0.125,0
330,0.25,0.25,1,0.825,0.8,0.7,0.475,0.3,0.25,0.2,0
331,0.25,0.25,1,0.775,0.575,0.525,0.425,0.225,0.175,0.125,0
332,0.25,0.25,1,0.8,0.575,0.525,0.45,0.3,0.1,0.05,0
333,0.25,0.25,1,0.775,0.675,0.425,0.275,0.225,0.175,0.05,0
334,0.25,0.25,1,0.825,0.725,0.7,0.675,0.6,0.1,0.05,0
335,0.25,0.25,1,0.8,0.6,0.575,0.525,0.4,0.35,0.15,0
336,0.25,0.25,1,0.825,0.775,0.5,0.375,0.325,0.15,0.1,0
337,0.25,0.25,1,0.8,0.575,0.475,0.425,0.25,0.175,0.125,0
338,0.25,0.25,1,0.925,0.775,0.75,0.35,0.225,0.1,0.05,0
339,0.25,0.25,1,0.825,0.6,0.55,0.425,0.275,0.175,0.05,0
340,0.25,0.25,1,0.85,0.775,0.725,0.45,0.35,0.1,0.05,0
341,0.25,0.25,1,0.8,0.6,0.45,0.375,0.2,0.1,0.05,0
342,0.25,0.25,1,0.9,0.7,0.45,0.4,0.3,0.225,0.175,0
343,0.25,0.25,1,0.825,0.7,0.475,0.45,0.4,0.2,0.05,0
344,0.25,0.25,1,0.8,0.6,0.5,0.375,0.35,0.3,0.05,0
345,0.25,0.25,1,0.825,0.6,0.425,0.325,0.2,0.15,0.1,0
346,0.25,0.25,1,0.825,0.55,0.5,0.35,0.225,0.175,0.125,0
347,0.25,0.25,1,0.8,0.55,0.4,0.275,0.15,0.1,0.05,0
348,0.25,0.25,1,0.875,0.625,0.5,0.45,0.2,0.1,0.05,0
349,0.25,0.25,1,0.95,0.75,0.475,0.35,0.275,0.225,0.175,0
350,0.25,0.25,1,0.8,0.725,0.7,0.45,0.325,0.275,0.05,0
351,0.25,0.25,1,0.825,0.8,0.5,0.375,0.3,0.1,0.05,0
352,0.25,0.25,1,0.95,0.775,0.575,0.525,0.45,0.25,0.05,0
353,0.25,0.25,1,0.85,0.825,0.725,0.4,0.35,0.175,0.125,0
354,0.25,0.25,1,0.825,0.7,0.65,0.325,0.25,0.2,0.05,0
355,0.25,0.25,1,0.875,0.85,0.725,0.65,0.275,0.225,0.175,0
356,0.25,0.25,1,0.825,0.55,0.425,0.275,0.15,0.1,0.05,0
357,0.25,0.25,1,0.775,0.525,0.475,0.35,0.25,0.15,0.05,0
358,0.25,0.25,1,0.775,0.675,0.5,0.45,0.325,0.275,0.225,0
359,0.25,0.25,1,0.9,0.875,0.65,0.6,0.325,0.25,0.2,0
360,0.25,0.25,1,0.975,0.8,0.525,0.45,0.3,0.1,0.05,0
361,0.25,0.25,1,0.8,0.65,0.625,0.575,0.375,0.175,0.05,0
362,0.25,0.25,1,0.825,0.575,0.525,0.475,0.35,0.3,0.05,0
363,0.25,0.25,1,0.825,0.575,0.55,0.475,0.225,0.175,0.05,0
364,0.25,0.25,1,0.975,0.775,0.75,0.675,0.275,0.1,0.05,0
365,0.25,0.25,1,0.825,0.575,0.4,0.3,0.25,0.2,0.1,0
366,0.25,0.25,1,0.725,0.7,0.625,0.425,0.275,0.225,0.05,0
367,0.25,0.25,1,0.925,0.9,0.65,0.6,0.575,0.25,0.2,0
368,0.25,0.25,1,0.875,0.525,0.45,0.325,0.275,0.225,0.05,0
369,0.25,0.25,1,0.975,0.95,0.9,0.625,0.375,0.175,0.125,0
370,0.25,0.25,1,0.85,0.575,0.425,0.3,0.225,0.1,0.05,0
371,0.25,0.25,1,0.8,0.7,0.475,0.375,0.15,0.1,0.05,0
372,0.25,0.25,1,0.825,0.675,0.65,0.625,0.3,0.25,0.05,0
373,0.25,0.25,1,0.85,0.825,0.6,0.5,0.25,0.2,0.15,0
374,0.25,0.25,1,0.8,0.775,0.5,0.45,0.425,0.175,0.125,0
375,0.25,0.25,1,0.825,0.75,0.625,0.325,0.275,0.225,0.05,0
376,0.25,0.25,1,0.975,0.825,0.75,0.675,0.25,0.1,0.05,0
377,0.25,0.25,1,0.825,0.575,0.425,0.275,0.225,0.175,0.075,0
378,0.25,0.25,1,0.8,0.75,0.45,0.325,0.275,0.2,0.15,0
379,0.25,0.25,1,0.825,0.775,0.675,0.45,0.25,0.15,0.1,0
380,0.25,0.25,1,0.85,0.825,0.525,0.4,0.25,0.2,0.05,0
381,0.25,0.25,1,0.95,0.675,0.475,0.425,0.375,0.275,0.225,0
382,0.25,0.25,1,0.825,0.6,0.475,0.425,0.2,0.15,0.125,0
383,0.25,0.25,1,0.8,0.6,0.45,0.4,0.225,0.125,0.05,0
384,0.25,0.25,1,0.85,0.625,0.575,0.425,0.4,0.175,0.125,0
385,0.25,0.25,1,0.8,0.775,0.725,0.4,0.15,0.1,0.05,0
386,0.25,0.25,1,0.975,0.8,0.55,0.425,0.375,0.2,0.05,0
387,0.25,0.25,1,0.8,0.775,0.55,0.425,0.375,0.275,0.225,0
388,0.25,0.25,1,0.825,0.8,0.525,0.45,0.225,0.175,0.05,0
389,0.25,0.25,1,0.775,0.675,0.425,0.375,0.3,0.15,0.05,0
390,0.25,0.25,1,0.8,0.7,0.55,0.375,0.2,0.15,0.1,0
391,0.25,0.25,1,0.925,0.7,0.625,0.6,0.2,0.1,0.05,0
392,0.25,0.25,1,0.825,0.6,0.5,0.45,0.275,0.225,0.05,0
393,0.25,0.25,1,0.825,0.575,0.525,0.35,0.225,0.15,0.05,0
394,0.25,0.25,1,0.8,0.625,0.5,0.425,0.375,0.2,0.15,0
395,0.25,0.25,1,0.825,0.725,0.45,0.325,0.275,0.15,0.05,0
396,0.25,0.25,1,0.85,0.825,0.6,0.475,0.25,0.1,0.05,0
397,0.25,0.25,1,0.825,0.6,0.575,0.525,0.4,0.275,0.05,0
398,0.25,0.25,1,0.9,0.7,0.5,0.325,0.275,0.2,0.05,0
399,0.25,0.25,1,0.95,0.75,0.7,0.5,0.4,0.3,0.25,0
400,0.25,0.25,1,0.85,0.65,0.55,0.375,0.3,0.25,0.05,0
401,0.25,0.25,1,0.8,0.55,0.45,0.25,0.2,0.15,0.05,0
402,0.25,0.25,1,0.85,0.825,0.7,0.4,0.35,0.3,0.05,0
403,0.25,0.25,1,0.975,0.85,0.725,0.5,0.3,0.25,0.05,0
404,0.25,0.25,1,0.95,0.75,0.525,0.5,0.375,0.225,0.05,0
405,0.25,0.25,1,0.825,0.575,0.525,0.5,0.275,0.15,0.05,0
406,0.25,0.25,1,0.825,0.775,0.65,0.375,0.25,0.1,0.05,0
407,0.25,0.25,1,0.975,0.825,0.7,0.425,0.25,0.2,0.05,0
408,0.25,0.25,1,0.975,0.95,0.8,0.725,0.375,0.325,0.05,0
409,0.25,0.25,1,0.75,0.55,0.475,0.35,0.275,0.1,0.05,0
410,0.25,0.25,1,0.8,0.675,0.625,0.4,0.225,0.175,0.125,0
411,0.25,0.25,1,0.85,0.75,0.425,0.325,0.275,0.15,0.1,0
412,0.25,0.25,1,0.825,0.625,0.5,0.45,0.35,0.3,0.1,0
413,0.25,0.25,1,0.8,0.75,0.525,0.5,0.425,0.15,0.1,0
414,0.25,0.25,1,0.975,0.875,0.675,0.475,0.3,0.1,0.05,0
415,0.25,0.25,1,0.925,0.65,0.45,0.35,0.175,0.1,0.05,0
416,0.25,0.25,1,0.825,0.8,0.5,0.425,0.275,0.225,0.05,0
417,0.25,0.25,1,0.75,0.7,0.6,0.55,0.25,0.2,0.15,0
418,0.25,0.25,1,0.775,0.575,0.5,0.375,0.225,0.175,0.05,0
419,0.25,0.25,1,0.8,0.75,0.575,0.525,0.4,0.175,0.05,0
420,0.25,0.25,1,0.85,0.6,0.575,0.525,0.475,0.35,0.225,0
421,0.25,0.25,1,0.925,0.9,0.725,0.425,0.3,0.1,0.05,0
422,0.25,0.25,1,0.9,0.7,0.675,0.325,0.275,0.1,0.05,0
423,0.25,0.25,1,0.775,0.525,0.5,0.35,0.2,0.1,0.05,0
424,0.25,0.25,1,0.85,0.6,0.575,0.325,0.2,0.15,0.1,0
425,0.25,0.25,1,0.925,0.7,0.625,0.6,0.35,0.1,0.05,0
426,0.25,0.25,1,0.775,0.7,0.575,0.275,0.2,0.15,0.05,0
427,0.25,0.25,1,0.825,0.775,0.725,0.425,0.35,0.2,0.05,0
428,0.25,0.25,1,0.825,0.775,0.75,0.625,0.4,0.275,0.05,0
429,0.25,0.25,1,0.975,0.825,0.5,0.375,0.325,0.1,0.05,0
430,0.25,0.25,1,0.825,0.55,0.475,0.375,0.25,0.1,0.05,0
431,0.25,0.25,1,0.975,0.775,0.65,0.45,0.4,0.225,0.05,0
432,0.25,0.25,1,0.975,0.775,0.55,0.475,0.275,0.225,0.175,0
433,0.25,0.25,1,0.85,0.825,0.525,0.4,0.3,0.1,0.05,0
434,0.25,0.25,1,0.8,0.575,0.55,0.425,0.375,0.2,0.05,0
435,0.25,0.25,1,0.975,0.825,0.55,0.5,0.45,0.325,0.175,0
436,0.25,0.25,1,0.8,0.6,0.525,0.425,0.25,0.1,0.05,0
437,0.25,0.25,1,0.95,0.675,0.625,0.6,0.575,0.175,0.05,0
438,0.25,0.25,1,0.975,0.775,0.65,0.425,0.3,0.1,0.05,0
439,0.25,0.25,1,0.975,0.825,0.8,0.525,0.375,0.325,0.05,0
440,0.25,0.25,1,0.775,0.5,0.375,0.35,0.2,0.15,0.1,0
441,0.25,0.25,1,0.975,0.8,0.775,0.725,0.4,0.275,0.05,0
442,0.25,0.25,1,0.85,0.775,0.725,0.7,0.3,0.25,0.05,0
443,0.25,0.25,1,0.975,0.75,0.6,0.275,0.175,0.125,0.075,0
444,0.25,0.25,1,0.85,0.575,0.525,0.4,0.325,0.2,0.15,0
445,0.25,0.25,1,0.975,0.8,0.425,0.275,0.15,0.1,0.05,0
446,0.25,0.25,1,0.85,0.575,0.525,0.475,0.375,0.225,0.05,0
447,0.25,0.25,1,0.9,0.7,0.45,0.4,0.375,0.2,0.05,0
448,0.25,0.25,1,0.975,0.925,0.725,0.475,0.425,0.25,0.2,0
449,0.25,0.25,1,0.85,0.725,0.675,0.35,0.3,0.2,0.15,0
450,0.25,0.25,1,0.825,0.65,0.45,0.3,0.175,0.1,0.05,0
451,0.25,0.25,1,0.85,0.825,0.775,0.525,0.4,0.15,0.05,0
452,0.25,0.25,1,0.85,0.825,0.775,0.75,0.475,0.35,0.05,0
453,0.25,0.25,1,0.8,0.55,0.425,0.325,0.25,0.2,0.05,0
454,0.25,0.25,1,0.975,0.725,0.45,0.4,0.35,0.175,0.05,0
455,0.25,0.25,1,0.85,0.6,0.375,0.325,0.2,0.1,0.05,0
456,0.25,0.25,1,0.9,0.675,0.45,0.325,0.3,0.1,0.05,0
457,0.25,0.25,1,0.95,0.675,0.65,0.625,0.275,0.1,0.05,0
458,0.25,0.25,1,0.975,0.775,0.725,0.475,0.375,0.225,0.05,0
459,0.25,0.25,1,0.8,0.625,0.6,0.45,0.4,0.175,0.05,0
460,0.25,0.25,1,0.825,0.8,0.675,0.65,0.425,0.375,0.325,0
461,0.25,0.25,1,0.8,0.575,0.5,0.35,0.225,0.1,0.05,0
462,0.25,0.25,1,0.95,0.75,0.5,0.4,0.3,0.1,0.05,0
463,0.25,0.25,1,0.8,0.525,0.475,0.375,0.25,0.2,0.15,0
464,0.25,0.25,1,0.825,0.575,0.45,0.4,0.35,0.3,0.125,0
465,0.25,0.25,1,0.825,0.8,0.475,0.4,0.35,0.15,0.1,0
466,0.25,0.25,1,0.85,0.775,0.475,0.275,0.225,0.175,0.05,0
467,0.25,0.25,1,0.975,0.9,0.725,0.5,0.45,0.175,0.05,0
468,0.25,0.25,1,0.975,0.8,0.525,0.425,0.325,0.275,0.05,0
469,0.25,0.25,1,0.975,0.825,0.725,0.65,0.275,0.1,0.05,0
470,0.25,0.25,1,0.975,0.775,0.55,0.5,0.3,0.25,0.15,0
471,0.25,0.25,1,0.775,0.6,0.55,0.5,0.45,0.325,0.15,0
472,0.25,0.25,1,0.9,0.85,0.825,0.6,0.35,0.225,0.05,0
473,0.25,0.25,1,0.85,0.65,0.525,0.35,0.3,0.125,0.05,0
474,0.25,0.25,1,0.85,0.825,0.725,0.675,0.65,0.575,0.05,0
475,0.25,0.25,1,0.775,0.575,0.525,0.425,0.3,0.25,0.125,0
476,0.25,0.25,1,0.8,0.55,0.425,0.325,0.275,0.225,0.05,0
477,0.25,0.25,1,0.8,0.575,0.45,0.325,0.275,0.1,0.05,0
478,0.25,0.25,1,0.775,0.575,0.5,0.45,0.325,0.1,0.05,0
479,0.25,0.25,1,0.775,0.55,0.5,0.4,0.275,0.2,0.05,0
480,0.25,0.25,1,0.825,0.75,0.525,0.4,0.35,0.225,0.05,0
481,0.25,0.25,1,0.85,0.75,0.45,0.375,0.325,0.125,0.075,0
482,0.25,0.25,1,0.8,0.7,0.6,0.55,0.5,0.325,0.125,0
483,0.25,0.25,1,0.8,0.575,0.525,0.425,0.3,0.2,0.05,0
484,0.25,0.25,1,0.95,0.75,0.525,0.375,0.35,0.2,0.15,0
485,0.25,0.25,1,0.825,0.65,0.525,0.475,0.3,0.25,0.15,0
486,0.25,0.25,1,0.8,0.775,0.525,0.45,0.325,0.275,0.05,0
487,0.25,0.25,1,0.975,0.8,0.775,0.7,0.575,0.1,0.05,0
488,0.25,0.25,1,0.8,0.575,0.5,0.4,0.35,0.1,0.05,0
489,0.25,0.25,1,0.825,0.8,0.525,0.475,0.375,0.2,0.15,0
490,0.25,0.25,1,0.825,0.55,0.4,0.35,0.225,0.1,0.05,0
491,0.25,0.25,1,0.825,0.775,0.575,0.45,0.25,0.2,0.15,0
492,0.25,0.25,1,0.8,0.775,0.5,0.35,0.25,0.2,0.05,0
493,0.25,0.25,1,0.975,0.8,0.725,0.45,0.325,0.275,0.05,0
494,0.25,0.25,1,0.825,0.775,0.475,0.35,0.175,0.1,0.05,0
495,0.25,0.25,1,0.825,0.75,0.7,0.35,0.225,0.125,0.075,0
496,0.25,0.25,1,0.8,0.55,0.4,0.35,0.225,0.1,0.05,0
497,0.25,0.25,1,0.825,0.775,0.725,0.525,0.4,0.275,0.225,0
498,0.25,0.25,1,0.85,0.825,0.725,0.4,0.225,0.1,0.05,0
499,0.25,0.25,1,0.85,0.525,0.475,0.425,0.375,0.25,0.05,0
500,0.25,0.25,1,0.9,0.825,0.6,0.275,0.175,0.1,0.05,0
1,0.25,0.5,1,0.975,0.95,0.825,0.575,0.525,0.425,0.05,0
2,0.25,0.5,1,0.85,0.8,0.775,0.5,0.45,0.4,0.35,0
3,0.25,0.5,1,0.875,0.85,0.7,0.45,0.35,0.3,0.25,0
4,0.25,0.5,1,0.85,0.8,0.775,0.475,0.4,0.35,0.3,0
5,0.25,0.5,1,0.85,0.625,0.5,0.425,0.375,0.325,0.275,0
6,0.25,0.5,1,0.85,0.825,0.775,0.625,0.475,0.425,0.05,0
7,0.25,0.5,1,0.9,0.825,0.7,0.4,0.3,0.1,0.05,0
8,0.25,0.5,1,0.85,0.825,0.65,0.45,0.325,0.275,0.225,0
9,0.25,0.5,1,0.875,0.825,0.8,0.525,0.475,0.1,0.05,0
10,0.25,0.5,1,0.8,0.725,0.7,0.675,0.375,0.325,0.05,0
11,0.25,0.5,1,0.875,0.725,0.675,0.625,0.575,0.425,0.05,0
12,0.25,0.5,1,0.875,0.65,0.6,0.5,0.45,0.35,0.3,0
13,0.25,0.5,1,0.975,0.85,0.7,0.65,0.575,0.525,0.05,0
14,0.25,0.5,1,0.825,0.65,0.6,0.55,0.4,0.225,0.05,0
15,0.25,0.5,1,0.975,0.95,0.825,0.775,0.725,0.475,0.05,0
16,0.25,0.5,1,0.8,0.775,0.65,0.6,0.575,0.1,0.05,0
17,0.25,0.5,1,0.875,0.85,0.725,0.65,0.4,0.1,0.05,0
18,0.25,0.5,1,0.95,0.8,0.6,0.575,0.375,0.1,0.05,0
19,0.25,0.5,1,0.95,0.825,0.775,0.75,0.5,0.25,0.05,0
20,0.25,0.5,1,0.85,0.625,0.575,0.525,0.4,0.375,0.05,0
21,0.25,0.5,1,0.85,0.8,0.725,0.55,0.45,0.4,0.05,0
22,0.25,0.5,1,0.825,0.7,0.65,0.6,0.55,0.3,0.25,0
23,0.25,0.5,1,0.85,0.8,0.725,0.525,0.375,0.15,0.05,0
24,0.25,0.5,1,0.975,0.875,0.7,0.475,0.425,0.35,0.05,0
25,0.25,0.5,1,0.85,0.75,0.575,0.375,0.325,0.275,0.05,0
26,0.25,0.5,1,0.925,0.8,0.775,0.525,0.375,0.1,0.05,0
27,0.25,0.5,1,0.9,0.775,0.75,0.725,0.45,0.4,0.35,0
28,0.25,0.5,1,0.975,0.95,0.825,0.775,0.725,0.375,0.325,0
29,0.25,0.5,1,0.95,0.9,0.725,0.525,0.425,0.275,0.225,0
30,0.25,0.5,1,0.875,0.7,0.6,0.45,0.4,0.175,0.05,0
31,0.25,0.5,1,0.875,0.85,0.75,0.6,0.45,0.1,0.05,0
32,0.25,0.5,1,0.95,0.775,0.75,0.7,0.475,0.375,0.05,0
33,0.25,0.5,1,0.9,0.725,0.65,0.575,0.3,0.25,0.05,0
34,0.25,0.5,1,0.85,0.725,0.675,0.5,0.45,0.35,0.3,0
35,0.25,0.5,1,0.825,0.675,0.6,0.425,0.375,0.325,0.05,0
36,0.25,0.5,1,0.95,0.825,0.6,0.45,0.325,0.275,0.175,0
37,0.25,0.5,1,0.925,0.825,0.65,0.6,0.425,0.35,0.3,0
38,0.25,0.5,1,0.825,0.7,0.625,0.575,0.425,0.375,0.05,0
39,0.25,0.5,1,0.875,0.675,0.55,0.425,0.375,0.25,0.2,0
40,0.25,0.5,1,0.85,0.625,0.575,0.525,0.475,0.325,0.175,0
41,0.25,0.5,1,0.875,0.8,0.65,0.6,0.55,0.375,0.25,0
42,0.25,0.5,1,0.875,0.75,0.725,0.675,0.65,0.375,0.325,0
43,0.25,0.5,1,0.9,0.875,0.775,0.5,0.35,0.3,0.05,0
44,0.25,0.5,1,0.95,0.75,0.575,0.45,0.4,0.175,0.125,0
45,0.25,0.5,1,0.8,0.7,0.525,0.475,0.3,0.25,0.2,0
46,0.25,0.5,1,0.85,0.8,0.625,0.575,0.55,0.3,0.05,0
47,0.25,0.5,1,0.95,0.825,0.6,0.55,0.5,0.375,0.25,0
48,0.25,0.5,1,0.975,0.825,0.7,0.65,0.55,0.35,0.05,0
49,0.25,0.5,1,0.95,0.85,0.8,0.725,0.45,0.25,0.2,0
50,0.25,0.5,1,0.85,0.675,0.625,0.575,0.475,0.425,0.2,0
51,0.25,0.5,1,0.975,0.8,0.6,0.55,0.425,0.275,0.05,0
52,0.25,0.5,1,0.95,0.825,0.625,0.525,0.475,0.225,0.05,0
53,0.25,0.5,1,0.975,0.85,0.675,0.55,0.375,0.1,0.05,0
54,0.25,0.5,1,0.85,0.825,0.65,0.575,0.35,0.1,0.05,0
55,0.25,0.5,1,0.925,0.8,0.65,0.525,0.35,0.3,0.25,0
56,0.25,0.5,1,0.85,0.825,0.575,0.475,0.35,0.3,0.05,0
57,0.25,0.5,1,0.825,0.8,0.775,0.725,0.45,0.4,0.2,0
58,0.25,0.5,1,0.85,0.75,0.575,0.525,0.5,0.4,0.35,0
59,0.25,0.5,1,0.975,0.825,0.775,0.575,0.525,0.475,0.35,0
60,0.25,0.5,1,0.85,0.65,0.625,0.5,0.3,0.25,0.05,0
61,0.25,0.5,1,0.8,0.725,0.5,0.425,0.375,0.225,0.05,0
62,0.25,0.5,1,0.95,0.9,0.7,0.625,0.575,0.3,0.05,0
63,0.25,0.5,1,0.825,0.8,0.6,0.55,0.45,0.4,0.35,0
64,0.25,0.5,1,0.85,0.75,0.5,0.425,0.15,0.1,0.05,0
65,0.25,0.5,1,0.975,0.9,0.75,0.7,0.425,0.325,0.05,0
66,0.25,0.5,1,0.825,0.8,0.725,0.6,0.325,0.1,0.05,0
67,0.25,0.5,1,0.825,0.675,0.6,0.4,0.35,0.3,0.25,0
68,0.25,0.5,1,0.875,0.725,0.625,0.6,0.45,0.4,0.35,0
69,0.25,0.5,1,0.85,0.725,0.675,0.55,0.325,0.275,0.225,0
70,0.25,0.5,1,0.875,0.7,0.525,0.475,0.375,0.175,0.125,0
71,0.25,0.5,1,0.875,0.775,0.75,0.55,0.425,0.375,0.05,0
72,0.25,0.5,1,0.875,0.8,0.675,0.575,0.525,0.1,0.05,0
73,0.25,0.5,1,0.9,0.75,0.675,0.525,0.45,0.1,0.05,0
74,0.25,0.5,1,0.95,0.925,0.775,0.575,0.45,0.3,0.05,0
75,0.25,0.5,1,0.875,0.85,0.775,0.675,0.475,0.425,0.05,0
76,0.25,0.5,1,0.875,0.6,0.575,0.475,0.4,0.1,0.05,0
77,0.25,0.5,1,0.825,0.65,0.55,0.45,0.4,0.225,0.05,0
78,0.25,0.5,1,0.975,0.85,0.6,0.55,0.425,0.35,0.3,0
79,0.25,0.5,1,0.925,0.875,0.7,0.575,0.475,0.225,0.175,0
80,0.25,0.5,1,0.85,0.825,0.65,0.575,0.4,0.35,0.05,0
81,0.25,0.5,1,0.975,0.95,0.775,0.525,0.375,0.1,0.05,0
82,0.25,0.5,1,0.85,0.775,0.75,0.5,0.4,0.35,0.05,0
83,0.25,0.5,1,0.975,0.825,0.775,0.575,0.525,0.325,0.225,0
84,0.25,0.5,1,0.975,0.95,0.775,0.675,0.475,0.425,0.375,0
85,0.25,0.5,1,0.825,0.8,0.75,0.675,0.625,0.1,0.05,0
86,0.25,0.5,1,0.85,0.775,0.725,0.65,0.45,0.4,0.35,0
87,0.25,0.5,1,0.85,0.625,0.55,0.4,0.275,0.1,0.05,0
88,0.25,0.5,1,0.825,0.775,0.55,0.425,0.35,0.3,0.05,0
89,0.25,0.5,1,0.875,0.675,0.575,0.5,0.325,0.1,0.05,0
90,0.25,0.5,1,0.95,0.8,0.675,0.5,0.425,0.2,0.05,0
91,0.25,0.5,1,0.975,0.85,0.625,0.575,0.4,0.35,0.3,0
92,0.25,0.5,1,0.825,0.8,0.725,0.525,0.3,0.1,0.05,0
93,0.25,0.5,1,0.825,0.6,0.45,0.4,0.275,0.225,0.175,0
94,0.25,0.5,1,0.95,0.925,0.675,0.65,0.6,0.55,0.325,0
95,0.25,0.5,1,0.85,0.8,0.775,0.5,0.375,0.325,0.275,0
96,0.25,0.5,1,0.875,0.7,0.675,0.55,0.425,0.1,0.05,0
97,0.25,0.5,1,0.975,0.95,0.825,0.6,0.375,0.1,0.05,0
98,0.25,0.5,1,0.825,0.65,0.5,0.4,0.375,0.1,0.05,0
99,0.25,0.5,1,0.875,0.85,0.725,0.525,0.475,0.375,0.05,0
100,0.25,0.5,1,0.875,0.7,0.575,0.4,0.275,0.225,0.175,0
101,0.25,0.5,1,0.85,0.75,0.55,0.5,0.3,0.25,0.2,0
102,0.25,0.5,1,0.85,0.675,0.625,0.5,0.45,0.4,0.275,0
103,0.25,0.5,1,0.975,0.8,0.575,0.525,0.4,0.1,0.05,0
104,0.25,0.5,1,0.875,0.85,0.75,0.475,0.35,0.1,0.05,0
105,0.25,0.5,1,0.875,0.675,0.55,0.425,0.375,0.225,0.05,0
106,0.25,0.5,1,0.875,0.8,0.6,0.5,0.45,0.325,0.275,0
107,0.25,0.5,1,0.85,0.6,0.525,0.4,0.225,0.175,0.05,0
108,0.25,0.5,1,0.975,0.8,0.575,0.525,0.475,0.275,0.225,0
109,0.25,0.5,1,0.85,0.75,0.575,0.525,0.425,0.225,0.05,0
110,0.25,0.5,1,0.95,0.8,0.775,0.625,0.5,0.1,0.05,0
111,0.25,0.5,1,0.85,0.7,0.65,0.5,0.425,0.375,0.325,0
112,0.25,0.5,1,0.85,0.825,0.625,0.575,0.45,0.1,0.05,0
113,0.25,0.5,1,0.975,0.95,0.75,0.575,0.525,0.425,0.05,0
114,0.25,0.5,1,0.825,0.675,0.625,0.5,0.35,0.3,0.25,0
115,0.25,0.5,1,0.825,0.625,0.575,0.55,0.35,0.1,0.05,0
116,0.25,0.5,1,0.825,0.65,0.525,0.375,0.275,0.225,0.05,0
117,0.25,0.5,1,0.925,0.875,0.7,0.5,0.475,0.425,0.325,0
118,0.25,0.5,1,0.975,0.825,0.675,0.55,0.425,0.1,0.05,0
119,0.25,0.5,1,0.85,0.7,0.575,0.5,0.425,0.1,0.05,0
120,0.25,0.5,1,0.85,0.825,0.775,0.6,0.35,0.3,0.05,0
121,0.25,0.5,1,0.875,0.7,0.6,0.475,0.35,0.1,0.05,0
122,0.25,0.5,1,0.9,0.725,0.675,0.55,0.425,0.35,0.3,0
123,0.25,0.5,1,0.875,0.7,0.6,0.4,0.35,0.3,0.05,0
124,0.25,0.5,1,0.975,0.925,0.775,0.65,0.6,0.325,0.275,0
125,0.25,0.5,1,0.875,0.675,0.55,0.425,0.375,0.25,0.05,0
126,0.25,0.5,1,0.85,0.725,0.6,0.375,0.325,0.275,0.225,0
127,0.25,0.5,1,0.85,0.675,0.55,0.5,0.35,0.225,0.05,0
128,0.25,0.5,1,0.925,0.825,0.725,0.65,0.35,0.3,0.05,0
129,0.25,0.5,1,0.825,0.775,0.725,0.525,0.5,0.4,0.325,0
130,0.25,0.5,1,0.875,0.825,0.675,0.65,0.525,0.475,0.3,0
131,0.25,0.5,1,0.85,0.775,0.725,0.525,0.5,0.25,0.05,0
132,0.25,0.5,1,0.925,0.9,0.825,0.65,0.375,0.325,0.05,0
133,0.25,0.5,1,0.8,0.7,0.675,0.5,0.45,0.25,0.2,0
134,0.25,0.5,1,0.975,0.825,0.775,0.75,0.375,0.325,0.05,0
135,0.25,0.5,1,0.875,0.7,0.625,0.45,0.275,0.225,0.175,0
136,0.25,0.5,1,0.85,0.675,0.55,0.45,0.3,0.1,0.05,0
137,0.25,0.5,1,0.95,0.775,0.75,0.725,0.525,0.375,0.05,0
138,0.25,0.5,1,0.975,0.825,0.8,0.75,0.675,0.375,0.05,0
139,0.25,0.5,1,0.875,0.85,0.6,0.475,0.35,0.3,0.25,0
140,0.25,0.5,1,0.85,0.675,0.575,0.525,0.475,0.425,0.375,0
141,0.25,0.5,1,0.8,0.775,0.55,0.475,0.35,0.3,0.25,0
142,0.25,0.5,1,0.875,0.825,0.8,0.775,0.75,0.4,0.05,0
143,0.25,0.5,1,0.825,0.8,0.65,0.525,0.475,0.425,0.375,0
144,0.25,0.5,1,0.875,0.7,0.675,0.625,0.4,0.35,0.05,0
145,0.25,0.5,1,0.85,0.7,0.625,0.55,0.5,0.45,0.05,0
146,0.25,0.5,1,0.825,0.8,0.725,0.525,0.475,0.4,0.35,0
147,0.25,0.5,1,0.85,0.825,0.65,0.6,0.425,0.1,0.05,0
148,0.25,0.5,1,0.875,0.675,0.6,0.55,0.5,0.3,0.05,0
149,0.25,0.5,1,0.875,0.725,0.575,0.45,0.4,0.325,0.275,0
150,0.25,0.5,1,0.85,0.825,0.575,0.475,0.425,0.325,0.275,0
151,0.25,0.5,1,0.975,0.85,0.825,0.6,0.55,0.5,0.4,0
152,0.25,0.5,1,0.9,0.875,0.725,0.675,0.575,0.45,0.05,0
153,0.25,0.5,1,0.9,0.875,0.7,0.55,0.5,0.275,0.05,0
154,0.25,0.5,1,0.85,0.65,0.5,0.4,0.25,0.2,0.05,0
155,0.25,0.5,1,0.85,0.675,0.6,0.4,0.35,0.175,0.125,0
156,0.25,0.5,1,0.85,0.8,0.75,0.675,0.6,0.35,0.05,0
157,0.25,0.5,1,0.8,0.6,0.575,0.475,0.425,0.325,0.05,0
158,0.25,0.5,1,0.875,0.825,0.625,0.55,0.5,0.375,0.05,0
159,0.25,0.5,1,0.85,0.725,0.575,0.55,0.45,0.4,0.05,0
160,0.25,0.5,1,0.95,0.775,0.675,0.55,0.375,0.325,0.225,0
161,0.25,0.5,1,0.875,0.7,0.55,0.425,0.35,0.3,0.05,0
162,0.25,0.5,1,0.95,0.8,0.55,0.525,0.35,0.225,0.05,0
163,0.25,0.5,1,0.825,0.675,0.625,0.55,0.475,0.3,0.25,0
164,0.25,0.5,1,0.975,0.925,0.775,0.75,0.425,0.375,0.325,0
165,0.25,0.5,1,0.8,0.65,0.525,0.475,0.35,0.1,0.05,0
166,0.25,0.5,1,0.825,0.775,0.625,0.55,0.5,0.325,0.275,0
167,0.25,0.5,1,0.975,0.825,0.625,0.475,0.375,0.1,0.05,0
168,0.25,0.5,1,0.85,0.7,0.675,0.525,0.475,0.175,0.05,0
169,0.25,0.5,1,0.85,0.675,0.525,0.4,0.35,0.3,0.15,0
170,0.25,0.5,1,0.85,0.825,0.725,0.7,0.45,0.1,0.05,0
171,0.25,0.5,1,0.875,0.65,0.55,0.475,0.425,0.325,0.05,0
172,0.25,0.5,1,0.85,0.8,0.65,0.5,0.45,0.4,0.3,0
173,0.25,0.5,1,0.825,0.7,0.675,0.625,0.5,0.275,0.225,0
174,0.25,0.5,1,0.825,0.65,0.55,0.425,0.35,0.1,0.05,0
175,0.25,0.5,1,0.825,0.8,0.725,0.5,0.4,0.1,0.05,0
176,0.25,0.5,1,0.85,0.7,0.65,0.6,0.575,0.475,0.275,0
177,0.25,0.5,1,0.85,0.775,0.55,0.35,0.3,0.2,0.15,0
178,0.25,0.5,1,0.975,0.85,0.7,0.525,0.4,0.1,0.05,0
179,0.25,0.5,1,0.85,0.775,0.75,0.55,0.45,0.4,0.35,0
180,0.25,0.5,1,0.85,0.675,0.6,0.55,0.525,0.35,0.05,0
181,0.25,0.5,1,0.825,0.75,0.7,0.675,0.375,0.225,0.175,0
182,0.25,0.5,1,0.85,0.825,0.7,0.45,0.3,0.25,0.05,0
183,0.25,0.5,1,0.9,0.825,0.675,0.625,0.6,0.55,0.05,0
184,0.25,0.5,1,0.825,0.65,0.625,0.4,0.35,0.3,0.25,0
185,0.25,0.5,1,0.875,0.675,0.6,0.475,0.35,0.3,0.05,0
186,0.25,0.5,1,0.875,0.775,0.6,0.45,0.4,0.275,0.05,0
187,0.25,0.5,1,0.85,0.725,0.6,0.55,0.5,0.3,0.15,0
188,0.25,0.5,1,0.925,0.8,0.75,0.675,0.4,0.35,0.05,0
189,0.25,0.5,1,0.875,0.825,0.775,0.575,0.425,0.375,0.25,0
190,0.25,0.5,1,0.975,0.8,0.775,0.75,0.55,0.5,0.45,0
191,0.25,0.5,1,0.95,0.8,0.775,0.575,0.425,0.4,0.35,0
192,0.25,0.5,1,0.875,0.825,0.625,0.575,0.55,0.5,0.325,0
193,0.25,0.5,1,0.825,0.675,0.625,0.55,0.375,0.325,0.275,0
194,0.25,0.5,1,0.85,0.675,0.6,0.55,0.425,0.375,0.275,0
195,0.25,0.5,1,0.975,0.875,0.7,0.55,0.375,0.325,0.275,0
196,0.25,0.5,1,0.925,0.9,0.725,0.45,0.325,0.275,0.05,0
197,0.25,0.5,1,0.975,0.9,0.775,0.475,0.375,0.325,0.05,0
198,0.25,0.5,1,0.975,0.875,0.825,0.6,0.35,0.1,0.05,0
199,0.25,0.5,1,0.825,0.8,0.575,0.475,0.375,0.325,0.05,0
200,0.25,0.5,1,0.825,0.775,0.75,0.525,0.35,0.1,0.05,0
201,0.25,0.5,1,0.975,0.8,0.75,0.6,0.55,0.5,0.275,0
202,0.25,0.5,1,0.925,0.8,0.75,0.6,0.55,0.325,0.275,0
203,0.25,0.5,1,0.85,0.825,0.65,0.525,0.35,0.1,0.05,0
204,0.25,0.5,1,0.925,0.75,0.55,0.425,0.3,0.25,0.2,0
205,0.25,0.5,1,0.8,0.775,0.6,0.525,0.475,0.425,0.25,0
206,0.25,0.5,1,0.8,0.675,0.65,0.475,0.275,0.1,0.05,0
207,0.25,0.5,1,0.875,0.8,0.775,0.55,0.375,0.325,0.275,0
208,0.25,0.5,1,0.85,0.675,0.6,0.475,0.425,0.325,0.275,0
209,0.25,0.5,1,0.9,0.7,0.625,0.6,0.575,0.1,0.05,0
210,0.25,0.5,1,0.975,0.825,0.55,0.475,0.425,0.375,0.325,0
211,0.25,0.5,1,0.825,0.7,0.6,0.45,0.4,0.35,0.05,0
212,0.25,0.5,1,0.825,0.65,0.55,0.5,0.45,0.35,0.05,0
213,0.25,0.5,1,0.875,0.8,0.525,0.45,0.35,0.3,0.25,0
214,0.25,0.5,1,0.875,0.825,0.775,0.675,0.625,0.55,0.3,0
215,0.25,0.5,1,0.975,0.925,0.9,0.6,0.4,0.35,0.05,0
216,0.25,0.5,1,0.85,0.625,0.525,0.35,0.3,0.2,0.05,0
217,0.25,0.5,1,0.775,0.625,0.525,0.5,0.45,0.4,0.275,0
218,0.25,0.5,1,0.975,0.85,0.65,0.575,0.425,0.375,0.05,0
219,0.25,0.5,1,0.975,0.8,0.675,0.45,0.35,0.1,0.05,0
220,0.25,0.5,1,0.85,0.675,0.55,0.425,0.35,0.1,0.05,0
221,0.25,0.5,1,0.925,0.9,0.75,0.5,0.45,0.4,0.25,0
222,0.25,0.5,1,0.825,0.8,0.775,0.55,0.5,0.375,0.05,0
223,0.25,0.5,1,0.975,0.85,0.625,0.475,0.325,0.1,0.05,0
224,0.25,0.5,1,0.825,0.8,0.775,0.6,0.375,0.325,0.05,0
225,0.25,0.5,1,0.875,0.85,0.8,0.775,0.5,0.375,0.05,0
226,0.25,0.5,1,0.925,0.75,0.725,0.675,0.425,0.375,0.325,0
227,0.25,0.5,1,0.975,0.825,0.65,0.6,0.475,0.1,0.05,0
228,0.25,0.5,1,0.9,0.725,0.625,0.5,0.45,0.35,0.3,0
229,0.25,0.5,1,0.825,0.625,0.525,0.4,0.325,0.275,0.225,0
230,0.25,0.5,1,0.875,0.85,0.725,0.675,0.55,0.35,0.05,0
231,0.25,0.5,1,0.975,0.95,0.825,0.575,0.3,0.25,0.2,0
232,0.25,0.5,1,0.875,0.825,0.625,0.575,0.45,0.325,0.05,0
233,0.25,0.5,1,0.8,0.775,0.675,0.525,0.475,0.425,0.2,0
234,0.25,0.5,1,0.825,0.8,0.625,0.575,0.45,0.325,0.05,0
235,0.25,0.5,1,0.85,0.7,0.65,0.55,0.3,0.1,0.05,0
236,0.25,0.5,1,0.925,0.775,0.55,0.425,0.3,0.25,0.05,0
237,0.25,0.5,1,0.825,0.675,0.575,0.45,0.4,0.225,0.05,0
238,0.25,0.5,1,0.975,0.95,0.725,0.5,0.325,0.275,0.05,0
239,0.25,0.5,1,0.95,0.775,0.75,0.45,0.4,0.35,0.3,0
240,0.25,0.5,1,0.975,0.825,0.8,0.7,0.375,0.325,0.05,0
241,0.25,0.5,1,0.825,0.775,0.725,0.65,0.425,0.375,0.275,0
242,0.25,0.5,1,0.975,0.9,0.7,0.525,0.475,0.35,0.05,0
243,0.25,0.5,1,0.825,0.675,0.625,0.5,0.375,0.325,0.05,0
244,0.25,0.5,1,0.875,0.725,0.625,0.6,0.5,0.1,0.05,0
245,0.25,0.5,1,0.85,0.725,0.6,0.45,0.4,0.35,0.05,0
246,0.25,0.5,1,0.85,0.825,0.625,0.475,0.425,0.375,0.25,0
247,0.25,0.5,1,0.825,0.65,0.6,0.525,0.475,0.4,0.25,0
248,0.25,0.5,1,0.85,0.65,0.55,0.4,0.35,0.1,0.05,0
249,0.25,0.5,1,0.875,0.825,0.7,0.55,0.35,0.25,0.2,0
250,0.25,0.5,1,0.825,0.775,0.675,0.475,0.425,0.275,0.175,0
251,0.25,0.5,1,0.825,0.775,0.65,0.525,0.4,0.225,0.05,0
252,0.25,0.5,1,0.825,0.7,0.65,0.475,0.4,0.35,0.05,0
253,0.25,0.5,1,0.9,0.875,0.65,0.575,0.375,0.325,0.275,0
254,0.25,0.5,1,0.875,0.7,0.675,0.525,0.325,0.1,0.05,0
255,0.25,0.5,1,0.875,0.85,0.625,0.525,0.475,0.425,0.3,0
256,0.25,0.5,1,0.875,0.85,0.625,0.5,0.45,0.1,0.05,0
257,0.25,0.5,1,0.875,0.675,0.65,0.45,0.25,0.1,0.05,0
258,0.25,0.5,1,0.825,0.775,0.6,0.475,0.35,0.3,0.05,0
259,0.25,0.5,1,0.825,0.65,0.55,0.525,0.35,0.3,0.25,0
260,0.25,0.5,1,0.85,0.775,0.75,0.475,0.35,0.3,0.05,0
261,0.25,0.5,1,0.825,0.8,0.65,0.55,0.5,0.45,0.25,0
262,0.25,0.5,1,0.875,0.85,0.775,0.7,0.65,0.1,0.05,0
263,0.25,0.5,1,0.975,0.8,0.7,0.475,0.35,0.1,0.05,0
264,0.25,0.5,1,0.875,0.75,0.7,0.575,0.35,0.225,0.175,0
265,0.25,0.5,1,0.975,0.775,0.725,0.475,0.4,0.325,0.05,0
266,0.25,0.5,1,0.975,0.95,0.875,0.7,0.375,0.1,0.05,0
267,0.25,0.5,1,0.875,0.7,0.675,0.45,0.225,0.1,0.05,0
268,0.25,0.5,1,0.85,0.8,0.575,0.475,0.375,0.325,0.275,0
269,0.25,0.5,1,0.85,0.8,0.55,0.45,0.4,0.275,0.05,0
270,0.25,0.5,1,0.925,0.9,0.75,0.725,0.45,0.4,0.05,0
271,0.25,0.5,1,0.85,0.65,0.525,0.475,0.45,0.325,0.05,0
272,0.25,0.5,1,0.825,0.625,0.5,0.425,0.25,0.2,0.15,0
273,0.25,0.5,1,0.9,0.75,0.575,0.55,0.5,0.25,0.05,0
274,0.25,0.5,1,0.85,0.7,0.575,0.5,0.375,0.325,0.275,0
275,0.25,0.5,1,0.85,0.775,0.625,0.575,0.375,0.325,0.05,0
276,0.25,0.5,1,0.85,0.825,0.675,0.575,0.325,0.1,0.05,0
277,0.25,0.5,1,0.975,0.825,0.775,0.75,0.5,0.25,0.05,0
278,0.25,0.5,1,0.975,0.825,0.625,0.575,0.375,0.3,0.05,0
279,0.25,0.5,1,0.9,0.85,0.8,0.775,0.725,0.35,0.05,0
280,0.25,0.5,1,0.95,0.75,0.7,0.475,0.225,0.175,0.05,0
281,0.25,0.5,1,0.975,0.825,0.8,0.575,0.5,0.1,0.05,0
282,0.25,0.5,1,0.95,0.875,0.75,0.575,0.55,0.5,0.2,0
283,0.25,0.5,1,0.875,0.85,0.8,0.575,0.45,0.325,0.275,0
284,0.25,0.5,1,0.975,0.8,0.65,0.6,0.425,0.175,0.125,0
285,0.25,0.5,1,0.9,0.85,0.8,0.575,0.55,0.325,0.275,0
286,0.25,0.5,1,0.975,0.8,0.6,0.55,0.4,0.35,0.05,0
287,0.25,0.5,1,0.85,0.65,0.6,0.525,0.375,0.325,0.275,0
288,0.25,0.5,1,0.975,0.775,0.55,0.525,0.425,0.1,0.05,0
289,0.25,0.5,1,0.875,0.7,0.675,0.625,0.525,0.375,0.05,0
290,0.25,0.5,1,0.9,0.825,0.6,0.55,0.425,0.1,0.05,0
291,0.25,0.5,1,0.8,0.775,0.65,0.6,0.4,0.275,0.225,0
292,0.25,0.5,1,0.85,0.575,0.55,0.5,0.4,0.2,0.15,0
293,0.25,0.5,1,0.9,0.675,0.625,0.325,0.275,0.225,0.2,0
294,0.25,0.5,1,0.925,0.8,0.7,0.45,0.4,0.35,0.3,0
295,0.25,0.5,1,0.85,0.65,0.475,0.35,0.275,0.225,0.175,0
296,0.25,0.5,1,0.875,0.725,0.625,0.475,0.325,0.275,0.05,0
297,0.25,0.5,1,0.95,0.825,0.75,0.5,0.25,0.2,0.05,0
298,0.25,0.5,1,0.975,0.775,0.65,0.475,0.425,0.3,0.25,0
299,0.25,0.5,1,0.85,0.825,0.725,0.525,0.475,0.425,0.375,0
300,0.25,0.5,1,0.95,0.75,0.5,0.475,0.375,0.325,0.275,0
301,0.25,0.5,1,0.875,0.65,0.6,0.55,0.5,0.375,0.225,0
302,0.25,0.5,1,0.975,0.825,0.625,0.55,0.5,0.45,0.4,0
303,0.25,0.5,1,0.9,0.725,0.625,0.425,0.35,0.1,0.05,0
304,0.25,0.5,1,0.975,0.925,0.75,0.575,0.475,0.325,0.05,0
305,0.25,0.5,1,0.85,0.675,0.6,0.55,0.5,0.1,0.05,0
306,0.25,0.5,1,0.85,0.7,0.55,0.5,0.325,0.275,0.225,0
307,0.25,0.5,1,0.9,0.85,0.625,0.55,0.4,0.35,0.05,0
308,0.25,0.5,1,0.95,0.75,0.725,0.675,0.325,0.3,0.05,0
309,0.25,0.5,1,0.825,0.725,0.575,0.55,0.425,0.375,0.325,0
310,0.25,0.5,1,0.85,0.775,0.65,0.625,0.45,0.1,0.05,0
311,0.25,0.5,1,0.975,0.8,0.75,0.575,0.525,0.325,0.15,0
312,0.25,0.5,1,0.875,0.85,0.7,0.575,0.525,0.275,0.05,0
313,0.25,0.5,1,0.9,0.85,0.8,0.7,0.6,0.375,0.325,0
314,0.25,0.5,1,0.875,0.85,0.8,0.65,0.375,0.325,0.25,0
315,0.25,0.5,1,0.85,0.8,0.775,0.75,0.7,0.4,0.35,0
316,0.25,0.5,1,0.975,0.8,0.775,0.575,0.475,0.1,0.05,0
317,0.25,0.5,1,0.925,0.9,0.725,0.675,0.4,0.25,0.2,0
318,0.25,0.5,1,0.95,0.775,0.675,0.5,0.45,0.275,0.15,0
319,0.25,0.5,1,0.85,0.8,0.575,0.425,0.25,0.1,0.05,0
320,0.25,0.5,1,0.925,0.725,0.7,0.45,0.4,0.2,0.15,0
321,0.25,0.5,1,0.825,0.675,0.55,0.525,0.35,0.3,0.05,0
322,0.25,0.5,1,0.85,0.7,0.675,0.475,0.425,0.3,0.25,0
323,0.25,0.5,1,0.95,0.75,0.475,0.4,0.35,0.3,0.175,0
324,0.25,0.5,1,0.8,0.775,0.55,0.425,0.375,0.325,0.275,0
325,0.25,0.5,1,0.9,0.825,0.775,0.75,0.375,0.1,0.05,0
326,0.25,0.5,1,0.875,0.675,0.55,0.525,0.45,0.1,0.05,0
327,0.25,0.5,1,0.925,0.9,0.775,0.5,0.45,0.3,0.05,0
328,0.25,0.5,1,0.9,0.875,0.8,0.575,0.4,0.1,0.05,0
329,0.25,0.5,1,0.9,0.725,0.7,0.55,0.35,0.1,0.05,0
330,0.25,0.5,1,0.85,0.725,0.575,0.4,0.25,0.1,0.05,0
331,0.25,0.5,1,0.95,0.8,0.675,0.55,0.5,0.325,0.05,0
332,0.25,0.5,1,0.85,0.725,0.675,0.55,0.425,0.325,0.275,0
333,0.25,0.5,1,0.85,0.7,0.675,0.45,0.4,0.35,0.225,0
334,0.25,0.5,1,0.85,0.8,0.625,0.6,0.5,0.225,0.05,0
335,0.25,0.5,1,0.85,0.7,0.675,0.625,0.5,0.4,0.05,0
336,0.25,0.5,1,0.85,0.8,0.675,0.5,0.425,0.375,0.05,0
337,0.25,0.5,1,0.825,0.8,0.75,0.7,0.625,0.45,0.35,0
338,0.25,0.5,1,0.85,0.65,0.575,0.525,0.475,0.325,0.25,0
339,0.25,0.5,1,0.85,0.725,0.675,0.475,0.425,0.275,0.125,0
340,0.25,0.5,1,0.875,0.85,0.7,0.65,0.375,0.325,0.05,0
341,0.25,0.5,1,0.95,0.8,0.6,0.475,0.45,0.325,0.275,0
342,0.25,0.5,1,0.9,0.75,0.6,0.4,0.35,0.3,0.2,0
343,0.25,0.5,1,0.9,0.75,0.675,0.6,0.375,0.1,0.05,0
344,0.25,0.5,1,0.85,0.825,0.775,0.575,0.525,0.475,0.325,0
345,0.25,0.5,1,0.975,0.85,0.825,0.575,0.375,0.1,0.05,0
346,0.25,0.5,1,0.85,0.725,0.575,0.5,0.45,0.3,0.05,0
347,0.25,0.5,1,0.925,0.85,0.625,0.5,0.25,0.2,0.05,0
348,0.25,0.5,1,0.85,0.725,0.525,0.375,0.225,0.175,0.05,0
349,0.25,0.5,1,0.825,0.675,0.65,0.575,0.525,0.45,0.05,0
350,0.25,0.5,1,0.825,0.675,0.625,0.575,0.4,0.35,0.3,0
351,0.25,0.5,1,0.85,0.75,0.725,0.7,0.325,0.275,0.05,0
352,0.25,0.5,1,0.85,0.6,0.475,0.325,0.275,0.225,0.125,0
353,0.25,0.5,1,0.825,0.675,0.575,0.4,0.2,0.15,0.05,0
354,0.25,0.5,1,0.9,0.775,0.725,0.475,0.325,0.1,0.05,0
355,0.25,0.5,1,0.875,0.85,0.75,0.425,0.375,0.2,0.05,0
356,0.25,0.5,1,0.875,0.7,0.6,0.525,0.275,0.1,0.05,0
357,0.25,0.5,1,0.9,0.7,0.65,0.575,0.525,0.4,0.35,0
358,0.25,0.5,1,0.975,0.8,0.725,0.525,0.475,0.1,0.05,0
359,0.25,0.5,1,0.85,0.825,0.75,0.725,0.4,0.35,0.3,0
360,0.25,0.5,1,0.85,0.675,0.6,0.55,0.475,0.425,0.175,0
361,0.25,0.5,1,0.85,0.825,0.775,0.675,0.45,0.325,0.05,0
362,0.25,0.5,1,0.95,0.925,0.75,0.675,0.375,0.1,0.05,0
363,0.25,0.5,1,0.825,0.75,0.625,0.575,0.375,0.1,0.05,0
364,0.25,0.5,1,0.875,0.675,0.575,0.525,0.325,0.275,0.05,0
365,0.25,0.5,1,0.85,0.7,0.675,0.625,0.575,0.35,0.3,0
366,0.25,0.5,1,0.85,0.775,0.725,0.425,0.3,0.175,0.05,0
367,0.25,0.5,1,0.925,0.775,0.575,0.4,0.3,0.1,0.05,0
368,0.25,0.5,1,0.975,0.8,0.75,0.7,0.475,0.4,0.3,0
369,0.25,0.5,1,0.925,0.8,0.775,0.45,0.3,0.1,0.05,0
370,0.25,0.5,1,0.875,0.775,0.55,0.5,0.375,0.25,0.05,0
371,0.25,0.5,1,0.9,0.7,0.525,0.475,0.375,0.3,0.05,0
372,0.25,0.5,1,0.95,0.725,0.675,0.525,0.375,0.25,0.2,0
373,0.25,0.5,1,0.875,0.85,0.8,0.6,0.45,0.3,0.25,0
374,0.25,0.5,1,0.875,0.7,0.65,0.525,0.45,0.275,0.05,0
375,0.25,0.5,1,0.9,0.85,0.65,0.6,0.425,0.325,0.05,0
376,0.25,0.5,1,0.825,0.65,0.575,0.45,0.275,0.1,0.05,0
377,0.25,0.5,1,0.85,0.775,0.575,0.525,0.375,0.1,0.05,0
378,0.25,0.5,1,0.875,0.85,0.625,0.575,0.45,0.35,0.3,0
379,0.25,0.5,1,0.875,0.775,0.525,0.475,0.45,0.325,0.05,0
380,0.25,0.5,1,0.975,0.825,0.675,0.55,0.475,0.1,0.05,0
381,0.25,0.5,1,0.975,0.8,0.65,0.5,0.325,0.1,0.05,0
382,0.25,0.5,1,0.875,0.85,0.775,0.475,0.425,0.275,0.05,0
383,0.25,0.5,1,0.875,0.8,0.6,0.4,0.25,0.1,0.05,0
384,0.25,0.5,1,0.85,0.7,0.65,0.55,0.5,0.375,0.05,0
385,0.25,0.5,1,0.85,0.725,0.625,0.6,0.55,0.3,0.05,0
386,0.25,0.5,1,0.825,0.7,0.65,0.6,0.55,0.4,0.35,0
387,0.25,0.5,1,0.9,0.7,0.575,0.525,0.45,0.2,0.05,0
388,0.25,0.5,1,0.975,0.85,0.6,0.5,0.375,0.325,0.05,0
389,0.25,0.5,1,0.875,0.675,0.575,0.45,0.4,0.275,0.225,0
390,0.25,0.5,1,0.875,0.725,0.525,0.45,0.4,0.35,0.3,0
391,0.25,0.5,1,0.85,0.775,0.65,0.6,0.45,0.4,0.35,0
392,0.25,0.5,1,0.825,0.65,0.575,0.45,0.325,0.275,0.05,0
393,0.25,0.5,1,0.925,0.825,0.8,0.6,0.4,0.35,0.3,0
394,0.25,0.5,1,0.825,0.7,0.65,0.625,0.475,0.35,0.3,0
395,0.25,0.5,1,0.875,0.7,0.6,0.5,0.45,0.375,0.325,0
396,0.25,0.5,1,0.9,0.775,0.675,0.55,0.475,0.1,0.05,0
397,0.25,0.5,1,0.825,0.775,0.575,0.525,0.35,0.3,0.25,0
398,0.25,0.5,1,0.875,0.65,0.6,0.55,0.475,0.3,0.05,0
399,0.25,0.5,1,0.825,0.675,0.65,0.525,0.475,0.325,0.05,0
400,0.25,0.5,1,0.85,0.825,0.75,0.725,0.675,0.4,0.05,0
401,0.25,0.5,1,0.85,0.725,0.65,0.6,0.55,0.325,0.05,0
402,0.25,0.5,1,0.9,0.825,0.775,0.5,0.325,0.25,0.2,0
403,0.25,0.5,1,0.825,0.625,0.525,0.45,0.325,0.1,0.05,0
404,0.25,0.5,1,0.85,0.8,0.7,0.525,0.375,0.325,0.275,0
405,0.25,0.5,1,0.8,0.65,0.6,0.55,0.4,0.25,0.2,0
406,0.25,0.5,1,0.85,0.7,0.675,0.425,0.3,0.25,0.2,0
407,0.25,0.5,1,0.875,0.8,0.75,0.575,0.45,0.35,0.05,0
408,0.25,0.5,1,0.85,0.675,0.625,0.475,0.375,0.325,0.05,0
409,0.25,0.5,1,0.85,0.825,0.65,0.575,0.4,0.35,0.05,0
410,0.25,0.5,1,0.825,0.675,0.625,0.575,0.525,0.4,0.325,0
411,0.25,0.5,1,0.875,0.725,0.7,0.575,0.525,0.35,0.3,0
412,0.25,0.5,1,0.85,0.825,0.65,0.6,0.4,0.3,0.25,0
413,0.25,0.5,1,0.85,0.775,0.5,0.4,0.325,0.1,0.05,0
414,0.25,0.5,1,0.9,0.85,0.7,0.6,0.45,0.4,0.325,0
415,0.25,0.5,1,0.85,0.825,0.65,0.475,0.425,0.225,0.175,0
416,0.25,0.5,1,0.85,0.6,0.475,0.375,0.325,0.1,0.05,0
417,0.25,0.5,1,0.95,0.825,0.575,0.4,0.35,0.3,0.2,0
418,0.25,0.5,1,0.85,0.675,0.625,0.5,0.375,0.325,0.05,0
419,0.25,0.5,1,0.875,0.65,0.55,0.475,0.4,0.1,0.05,0
420,0.25,0.5,1,0.975,0.825,0.775,0.7,0.5,0.35,0.3,0
421,0.25,0.5,1,0.825,0.775,0.6,0.575,0.35,0.3,0.25,0
422,0.25,0.5,1,0.9,0.85,0.65,0.6,0.55,0.5,0.4,0
423,0.25,0.5,1,0.975,0.875,0.7,0.575,0.3,0.1,0.05,0
424,0.25,0.5,1,0.9,0.875,0.825,0.6,0.55,0.3,0.25,0
425,0.25,0.5,1,0.975,0.8,0.75,0.475,0.375,0.1,0.05,0
426,0.25,0.5,1,0.875,0.8,0.675,0.625,0.375,0.1,0.05,0
427,0.25,0.5,1,0.975,0.8,0.6,0.55,0.5,0.4,0.35,0
428,0.25,0.5,1,0.85,0.675,0.525,0.425,0.25,0.2,0.05,0
429,0.25,0.5,1,0.975,0.825,0.775,0.575,0.475,0.35,0.05,0
430,0.25,0.5,1,0.925,0.725,0.675,0.55,0.375,0.325,0.275,0
431,0.25,0.5,1,0.825,0.575,0.525,0.425,0.375,0.25,0.2,0
432,0.25,0.5,1,0.95,0.725,0.5,0.375,0.325,0.2,0.05,0
433,0.25,0.5,1,0.975,0.95,0.775,0.525,0.45,0.4,0.35,0
434,0.25,0.5,1,0.85,0.725,0.6,0.55,0.375,0.325,0.05,0
435,0.25,0.5,1,0.85,0.8,0.725,0.7,0.45,0.375,0.05,0
436,0.25,0.5,1,0.9,0.75,0.7,0.45,0.4,0.25,0.05,0
437,0.25,0.5,1,0.9,0.85,0.65,0.625,0.475,0.375,0.05,0
438,0.25,0.5,1,0.85,0.8,0.6,0.575,0.475,0.325,0.05,0
439,0.25,0.5,1,0.825,0.75,0.55,0.45,0.275,0.225,0.175,0
440,0.25,0.5,1,0.85,0.7,0.6,0.55,0.5,0.45,0.25,0
441,0.25,0.5,1,0.825,0.75,0.6,0.55,0.4,0.35,0.2,0
442,0.25,0.5,1,0.95,0.925,0.775,0.55,0.375,0.325,0.05,0
443,0.25,0.5,1,0.85,0.825,0.8,0.5,0.45,0.325,0.275,0
444,0.25,0.5,1,0.825,0.675,0.525,0.475,0.325,0.1,0.05,0
445,0.25,0.5,1,0.85,0.7,0.6,0.55,0.325,0.275,0.225,0
446,0.25,0.5,1,0.85,0.775,0.675,0.65,0.35,0.3,0.25,0
447,0.25,0.5,1,0.85,0.775,0.75,0.7,0.45,0.25,0.05,0
448,0.25,0.5,1,0.875,0.825,0.65,0.5,0.35,0.3,0.05,0
449,0.25,0.5,1,0.85,0.8,0.75,0.5,0.325,0.275,0.225,0
450,0.25,0.5,1,0.9,0.875,0.725,0.675,0.45,0.325,0.05,0
451,0.25,0.5,1,0.875,0.7,0.575,0.525,0.4,0.35,0.25,0
452,0.25,0.5,1,0.975,0.85,0.775,0.45,0.275,0.225,0.05,0
453,0.25,0.5,1,0.875,0.825,0.6,0.55,0.4,0.1,0.05,0
454,0.25,0.5,1,0.825,0.575,0.55,0.425,0.375,0.325,0.2,0
455,0.25,0.5,1,0.975,0.925,0.825,0.775,0.65,0.375,0.2,0
456,0.25,0.5,1,0.85,0.65,0.625,0.45,0.25,0.1,0.05,0
457,0.25,0.5,1,0.85,0.7,0.55,0.5,0.325,0.275,0.225,0
458,0.25,0.5,1,0.9,0.7,0.575,0.45,0.4,0.25,0.2,0
459,0.25,0.5,1,0.875,0.6,0.575,0.525,0.425,0.275,0.05,0
460,0.25,0.5,1,0.95,0.8,0.725,0.625,0.475,0.425,0.2,0
461,0.25,0.5,1,0.8,0.7,0.55,0.35,0.3,0.175,0.125,0
462,0.25,0.5,1,0.975,0.875,0.675,0.575,0.525,0.4,0.35,0
463,0.25,0.5,1,0.925,0.75,0.575,0.55,0.325,0.1,0.05,0
464,0.25,0.5,1,0.825,0.65,0.6,0.55,0.45,0.4,0.3,0
465,0.25,0.5,1,0.85,0.65,0.625,0.525,0.3,0.25,0.2,0
466,0.25,0.5,1,0.875,0.825,0.75,0.575,0.45,0.225,0.175,0
467,0.25,0.5,1,0.975,0.825,0.625,0.575,0.45,0.3,0.05,0
468,0.25,0.5,1,0.825,0.8,0.7,0.5,0.45,0.275,0.05,0
469,0.25,0.5,1,0.825,0.775,0.575,0.425,0.35,0.1,0.05,0
470,0.25,0.5,1,0.95,0.8,0.775,0.75,0.7,0.45,0.4,0
471,0.25,0.5,1,0.825,0.75,0.725,0.6,0.375,0.1,0.05,0
472,0.25,0.5,1,0.95,0.775,0.725,0.7,0.45,0.35,0.05,0
473,0.25,0.5,1,0.825,0.65,0.625,0.475,0.35,0.3,0.25,0
474,0.25,0.5,1,0.925,0.775,0.6,0.475,0.425,0.375,0.275,0
475,0.25,0.5,1,0.9,0.875,0.725,0.675,0.375,0.325,0.05,0
476,0.25,0.5,1,0.875,0.7,0.575,0.5,0.225,0.1,0.05,0
477,0.25,0.5,1,0.85,0.575,0.525,0.35,0.3,0.2,0.05,0
478,0.25,0.5,1,0.85,0.7,0.525,0.35,0.3,0.275,0.05,0
479,0.25,0.5,1,0.9,0.875,0.675,0.475,0.3,0.25,0.05,0
480,0.25,0.5,1,0.95,0.775,0.65,0.625,0.5,0.225,0.175,0
481,0.25,0.5,1,0.975,0.825,0.6,0.55,0.375,0.1,0.05,0
482,0.25,0.5,1,0.875,0.825,0.6,0.475,0.425,0.275,0.05,0
483,0.25,0.5,1,0.825,0.8,0.725,0.425,0.375,0.25,0.2,0
484,0.25,0.5,1,0.975,0.95,0.9,0.725,0.7,0.375,0.05,0
485,0.25,0.5,1,0.875,0.85,0.825,0.75,0.65,0.1,0.05,0
486,0.25,0.5,1,0.85,0.775,0.75,0.475,0.35,0.1,0.05,0
487,0.25,0.5,1,0.875,0.725,0.6,0.55,0.45,0.425,0.05,0
488,0.25,0.5,1,0.975,0.825,0.65,0.6,0.55,0.4,0.225,0
489,0.25,0.5,1,0.825,0.625,0.525,0.475,0.375,0.325,0.05,0
490,0.25,0.5,1,0.85,0.7,0.65,0.525,0.35,0.3,0.05,0
491,0.25,0.5,1,0.85,0.7,0.625,0.575,0.525,0.275,0.05,0
492,0.25,0.5,1,0.875,0.675,0.525,0.4,0.35,0.275,0.05,0
493,0.25,0.5,1,0.85,0.8,0.775,0.55,0.475,0.425,0.3,0
494,0.25,0.5,1,0.825,0.8,0.7,0.475,0.425,0.225,0.05,0
495,0.25,0.5,1,0.85,0.8,0.625,0.5,0.3,0.1,0.05,0
496,0.25,0.5,1,0.825,0.65,0.6,0.45,0.325,0.3,0.25,0
497,0.25,0.5,1,0.9,0.675,0.55,0.4,0.35,0.3,0.25,0
498,0.25,0.5,1,0.825,0.8,0.75,0.475,0.35,0.1,0.05,0
499,0.25,0.5,1,0.9,0.825,0.65,0.525,0.475,0.4,0.05,0
500,0.25,0.5,1,0.85,0.65,0.6,0.525,0.425,0.3,0.05,0
1,0.25,1,1,0.9,0.825,0.75,0.725,0.675,0.55,0.05,0
2,0.25,1,1,0.9,0.85,0.775,0.75,0.725,0.625,0.575,0
3,0.25,1,1,0.9,0.825,0.8,0.75,0.725,0.6,0.05,0
4,0.25,1,1,0.975,0.95,0.85,0.725,0.65,0.1,0.05,0
5,0.25,1,1,0.975,0.95,0.85,0.75,0.675,0.1,0.05,0
6,0.25,1,1,0.975,0.9,0.8,0.725,0.675,0.55,0.5,0
7,0.25,1,1,0.975,0.9,0.8,0.775,0.675,0.625,0.05,0
8,0.25,1,1,0.9,0.825,0.775,0.75,0.725,0.6,0.05,0
9,0.25,1,1,0.9,0.875,0.775,0.75,0.7,0.1,0.05,0
10,0.25,1,1,0.925,0.825,0.8,0.775,0.6,0.1,0.05,0
11,0.25,1,1,0.9,0.875,0.85,0.775,0.675,0.625,0.575,0
12,0.25,1,1,0.9,0.875,0.85,0.75,0.7,0.65,0.575,0
13,0.25,1,1,0.9,0.875,0.85,0.775,0.675,0.625,0.05,0
14,0.25,1,1,0.9,0.825,0.8,0.775,0.65,0.6,0.55,0
15,0.25,1,1,0.925,0.9,0.8,0.775,0.675,0.625,0.05,0
16,0.25,1,1,0.925,0.825,0.8,0.775,0.725,0.675,0.6,0
17,0.25,1,1,0.975,0.875,0.8,0.775,0.6,0.55,0.05,0
18,0.25,1,1,0.9,0.825,0.8,0.75,0.6,0.1,0.05,0
19,0.25,1,1,0.9,0.825,0.8,0.75,0.6,0.55,0.05,0
20,0.25,1,1,0.9,0.825,0.775,0.7,0.65,0.575,0.05,0
21,0.25,1,1,0.925,0.825,0.8,0.7,0.65,0.55,0.5,0
22,0.25,1,1,0.975,0.875,0.85,0.75,0.675,0.1,0.05,0
23,0.25,1,1,0.925,0.825,0.8,0.775,0.675,0.625,0.575,0
24,0.25,1,1,0.9,0.825,0.8,0.65,0.525,0.475,0.05,0
25,0.25,1,1,0.925,0.825,0.8,0.7,0.625,0.1,0.05,0
26,0.25,1,1,0.925,0.9,0.8,0.75,0.7,0.55,0.05,0
27,0.25,1,1,0.9,0.85,0.825,0.75,0.7,0.55,0.05,0
28,0.25,1,1,0.925,0.825,0.8,0.75,0.725,0.625,0.05,0
29,0.25,1,1,0.975,0.875,0.85,0.825,0.65,0.1,0.05,0
30,0.25,1,1,0.975,0.875,0.85,0.775,0.725,0.675,0.575,0
31,0.25,1,1,0.9,0.875,0.8,0.7,0.625,0.575,0.05,0
32,0.25,1,1,0.9,0.875,0.8,0.725,0.625,0.1,0.05,0
33,0.25,1,1,0.975,0.9,0.8,0.75,0.7,0.6,0.55,0
34,0.25,1,1,0.9,0.875,0.85,0.75,0.675,0.625,0.575,0
35,0.25,1,1,0.925,0.825,0.8,0.75,0.7,0.6,0.05,0
36,0.25,1,1,0.9,0.875,0.85,0.825,0.65,0.6,0.05,0
37,0.25,1,1,0.975,0.875,0.8,0.775,0.7,0.65,0.05,0
38,0.25,1,1,0.925,0.875,0.775,0.75,0.7,0.6,0.05,0
39,0.25,1,1,0.9,0.875,0.8,0.775,0.65,0.1,0.05,0
40,0.25,1,1,0.9,0.875,0.85,0.825,0.65,0.1,0.05,0
41,0.25,1,1,0.9,0.875,0.85,0.8,0.7,0.55,0.5,0
42,0.25,1,1,0.925,0.9,0.8,0.775,0.65,0.6,0.55,0
43,0.25,1,1,0.9,0.875,0.8,0.725,0.6,0.1,0.05,0
44,0.25,1,1,0.95,0.925,0.825,0.75,0.725,0.625,0.05,0
45,0.25,1,1,0.975,0.9,0.85,0.75,0.7,0.65,0.55,0
46,0.25,1,1,0.975,0.875,0.8,0.775,0.6,0.1,0.05,0
47,0.25,1,1,0.9,0.875,0.8,0.75,0.7,0.65,0.5,0
48,0.25,1,1,0.975,0.875,0.825,0.8,0.7,0.625,0.05,0
49,0.25,1,1,0.9,0.825,0.8,0.75,0.725,0.625,0.575,0
50,0.25,1,1,0.975,0.9,0.8,0.75,0.7,0.55,0.5,0
51,0.25,1,1,0.95,0.85,0.825,0.75,0.725,0.675,0.55,0
52,0.25,1,1,0.9,0.825,0.75,0.725,0.65,0.1,0.05,0
53,0.25,1,1,0.9,0.875,0.825,0.725,0.7,0.55,0.05,0
54,0.25,1,1,0.9,0.825,0.8,0.775,0.725,0.6,0.05,0
55,0.25,1,1,0.975,0.9,0.8,0.75,0.725,0.6,0.05,0
56,0.25,1,1,0.9,0.875,0.8,0.75,0.7,0.625,0.575,0
57,0.25,1,1,0.9,0.825,0.8,0.775,0.675,0.625,0.575,0
58,0.25,1,1,0.9,0.875,0.825,0.75,0.7,0.6,0.55,0
59,0.25,1,1,0.9,0.875,0.8,0.7,0.6,0.55,0.05,0
60,0.25,1,1,0.9,0.825,0.775,0.75,0.725,0.6,0.55,0
61,0.25,1,1,0.975,0.95,0.85,0.725,0.675,0.1,0.05,0
62,0.25,1,1,0.9,0.875,0.8,0.775,0.675,0.1,0.05,0
63,0.25,1,1,0.9,0.825,0.75,0.725,0.6,0.1,0.05,0
64,0.25,1,1,0.9,0.825,0.8,0.75,0.7,0.6,0.55,0
65,0.25,1,1,0.975,0.9,0.875,0.75,0.65,0.6,0.05,0
66,0.25,1,1,0.9,0.825,0.8,0.75,0.6,0.55,0.05,0
67,0.25,1,1,0.925,0.9,0.8,0.75,0.675,0.625,0.575,0
68,0.25,1,1,0.9,0.825,0.8,0.775,0.65,0.6,0.05,0
69,0.25,1,1,0.9,0.875,0.8,0.75,0.7,0.65,0.05,0
70,0.25,1,1,0.9,0.875,0.825,0.8,0.7,0.65,0.55,0
71,0.25,1,1,0.925,0.825,0.75,0.725,0.6,0.55,0.05,0
72,0.25,1,1,0.975,0.875,0.8,0.65,0.6,0.55,0.05,0
73,0.25,1,1,0.925,0.825,0.8,0.75,0.7,0.625,0.575,0
74,0.25,1,1,0.925,0.825,0.8,0.75,0.7,0.6,0.55,0
75,0.25,1,1,0.9,0.875,0.8,0.775,0.725,0.625,0.05,0
76,0.25,1,1,0.9,0.825,0.8,0.775,0.675,0.625,0.05,0
77,0.25,1,1,0.9,0.875,0.775,0.725,0.7,0.6,0.05,0
78,0.25,1,1,0.925,0.825,0.8,0.75,0.675,0.625,0.575,0
79,0.25,1,1,0.9,0.825,0.775,0.725,0.7,0.6,0.5,0
80,0.25,1,1,0.925,0.825,0.8,0.75,0.675,0.1,0.05,0
81,0.25,1,1,0.975,0.9,0.8,0.75,0.625,0.1,0.05,0
82,0.25,1,1,0.9,0.875,0.85,0.75,0.65,0.1,0.05,0
83,0.25,1,1,0.975,0.875,0.8,0.725,0.6,0.55,0.05,0
84,0.25,1,1,0.95,0.85,0.775,0.75,0.7,0.625,0.05,0
85,0.25,1,1,0.9,0.85,0.825,0.775,0.7,0.675,0.55,0
86,0.25,1,1,0.9,0.875,0.85,0.8,0.775,0.6,0.05,0
87,0.25,1,1,0.9,0.875,0.825,0.75,0.7,0.625,0.575,0
88,0.25,1,1,0.975,0.95,0.925,0.825,0.65,0.1,0.05,0
89,0.25,1,1,0.9,0.875,0.8,0.775,0.65,0.1,0.05,0
90,0.25,1,1,0.95,0.875,0.775,0.725,0.7,0.65,0.55,0
91,0.25,1,1,0.9,0.875,0.85,0.75,0.6,0.55,0.5,0
92,0.25,1,1,0.9,0.875,0.825,0.75,0.725,0.6,0.55,0
93,0.25,1,1,0.975,0.95,0.85,0.725,0.675,0.625,0.05,0
94,0.25,1,1,0.925,0.875,0.825,0.8,0.7,0.675,0.575,0
95,0.25,1,1,0.925,0.9,0.8,0.775,0.725,0.6,0.05,0
96,0.25,1,1,0.975,0.9,0.8,0.75,0.6,0.1,0.05,0
97,0.25,1,1,0.925,0.825,0.8,0.775,0.725,0.55,0.05,0
98,0.25,1,1,0.9,0.875,0.8,0.75,0.65,0.6,0.05,0
99,0.25,1,1,0.9,0.825,0.75,0.725,0.6,0.1,0.05,0
100,0.25,1,1,0.975,0.875,0.825,0.8,0.775,0.6,0.55,0
101,0.25,1,1,0.9,0.8,0.775,0.725,0.675,0.625,0.575,0
102,0.25,1,1,0.975,0.875,0.85,0.775,0.725,0.1,0.05,0
103,0.25,1,1,0.9,0.875,0.8,0.75,0.7,0.6,0.55,0
104,0.25,1,1,0.925,0.9,0.8,0.775,0.65,0.1,0.05,0
105,0.25,1,1,0.9,0.825,0.8,0.75,0.625,0.575,0.05,0
106,0.25,1,1,0.925,0.9,0.8,0.75,0.7,0.55,0.05,0
107,0.25,1,1,0.925,0.825,0.775,0.725,0.7,0.625,0.575,0
108,0.25,1,1,0.9,0.825,0.8,0.75,0.675,0.625,0.05,0
109,0.25,1,1,0.9,0.825,0.8,0.75,0.675,0.1,0.05,0
110,0.25,1,1,0.9,0.825,0.8,0.75,0.725,0.6,0.55,0
111,0.25,1,1,0.9,0.825,0.8,0.75,0.7,0.65,0.05,0
112,0.25,1,1,0.975,0.9,0.825,0.725,0.6,0.1,0.05,0
113,0.25,1,1,0.925,0.9,0.8,0.75,0.675,0.625,0.05,0
114,0.25,1,1,0.9,0.875,0.85,0.775,0.6,0.1,0.05,0
115,0.25,1,1,0.9,0.825,0.8,0.75,0.675,0.625,0.05,0
116,0.25,1,1,0.975,0.95,0.875,0.75,0.7,0.625,0.575,0
117,0.25,1,1,0.975,0.875,0.775,0.75,0.65,0.6,0.05,0
118,0.25,1,1,0.975,0.875,0.825,0.75,0.725,0.6,0.55,0
119,0.25,1,1,0.925,0.825,0.775,0.75,0.725,0.625,0.05,0
120,0.25,1,1,0.9,0.875,0.85,0.75,0.675,0.625,0.575,0
121,0.25,1,1,0.9,0.875,0.85,0.75,0.65,0.6,0.55,0
122,0.25,1,1,0.9,0.875,0.85,0.825,0.775,0.6,0.05,0
123,0.25,1,1,0.9,0.875,0.85,0.75,0.675,0.625,0.05,0
124,0.25,1,1,0.9,0.825,0.8,0.75,0.65,0.1,0.05,0
125,0.25,1,1,0.9,0.875,0.8,0.775,0.725,0.625,0.575,0
126,0.25,1,1,0.9,0.825,0.775,0.75,0.725,0.625,0.575,0
127,0.25,1,1,0.9,0.825,0.775,0.75,0.6,0.1,0.05,0
128,0.25,1,1,0.975,0.875,0.85,0.825,0.65,0.6,0.05,0
129,0.25,1,1,0.9,0.825,0.75,0.725,0.6,0.1,0.05,0
130,0.25,1,1,0.925,0.825,0.8,0.75,0.65,0.1,0.05,0
131,0.25,1,1,0.975,0.875,0.85,0.75,0.7,0.625,0.05,0
132,0.25,1,1,0.975,0.875,0.8,0.75,0.7,0.625,0.575,0
133,0.25,1,1,0.95,0.85,0.775,0.75,0.675,0.55,0.05,0
134,0.25,1,1,0.925,0.825,0.8,0.775,0.65,0.1,0.05,0
135,0.25,1,1,0.9,0.85,0.775,0.75,0.675,0.575,0.525,0
136,0.25,1,1,0.925,0.825,0.8,0.75,0.675,0.625,0.5,0
137,0.25,1,1,0.9,0.825,0.8,0.75,0.7,0.6,0.55,0
138,0.25,1,1,0.9,0.825,0.8,0.75,0.7,0.65,0.575,0
139,0.25,1,1,0.95,0.85,0.825,0.75,0.725,0.6,0.05,0
140,0.25,1,1,0.9,0.825,0.75,0.7,0.6,0.1,0.05,0
141,0.25,1,1,0.975,0.875,0.8,0.775,0.675,0.625,0.575,0
142,0.25,1,1,0.9,0.8,0.775,0.725,0.675,0.625,0.05,0
143,0.25,1,1,0.9,0.875,0.8,0.775,0.6,0.55,0.05,0
144,0.25,1,1,0.975,0.95,0.85,0.75,0.65,0.1,0.05,0
145,0.25,1,1,0.9,0.825,0.8,0.75,0.65,0.1,0.05,0
146,0.25,1,1,0.9,0.825,0.8,0.775,0.65,0.6,0.55,0
147,0.25,1,1,0.975,0.875,0.85,0.775,0.6,0.1,0.05,0
148,0.25,1,1,0.925,0.825,0.8,0.775,0.725,0.55,0.05,0
149,0.25,1,1,0.9,0.825,0.8,0.75,0.7,0.65,0.55,0
150,0.25,1,1,0.975,0.9,0.8,0.775,0.725,0.6,0.05,0
151,0.25,1,1,0.925,0.825,0.8,0.75,0.7,0.65,0.6,0
152,0.25,1,1,0.9,0.825,0.8,0.775,0.65,0.6,0.55,0
153,0.25,1,1,0.9,0.825,0.8,0.75,0.675,0.625,0.575,0
154,0.25,1,1,0.975,0.875,0.85,0.75,0.7,0.625,0.575,0
155,0.25,1,1,0.9,0.875,0.825,0.8,0.725,0.675,0.55,0
156,0.25,1,1,0.925,0.875,0.825,0.75,0.65,0.6,0.5,0
157,0.25,1,1,0.9,0.875,0.85,0.75,0.7,0.625,0.575,0
158,0.25,1,1,0.925,0.9,0.8,0.75,0.725,0.675,0.625,0
159,0.25,1,1,0.9,0.875,0.8,0.75,0.6,0.1,0.05,0
160,0.25,1,1,0.975,0.875,0.775,0.75,0.7,0.6,0.55,0
161,0.25,1,1,0.925,0.9,0.875,0.825,0.725,0.6,0.55,0
162,0.25,1,1,0.95,0.925,0.825,0.75,0.7,0.55,0.5,0
163,0.25,1,1,0.9,0.875,0.85,0.8,0.7,0.65,0.575,0
164,0.25,1,1,0.9,0.875,0.85,0.825,0.65,0.1,0.05,0
165,0.25,1,1,0.9,0.875,0.775,0.725,0.675,0.1,0.05,0
166,0.25,1,1,0.9,0.85,0.775,0.75,0.7,0.675,0.55,0
167,0.25,1,1,0.9,0.85,0.775,0.75,0.725,0.6,0.05,0
168,0.25,1,1,0.9,0.875,0.8,0.75,0.7,0.6,0.05,0
169,0.25,1,1,0.975,0.9,0.8,0.775,0.65,0.1,0.05,0
170,0.25,1,1,0.95,0.85,0.775,0.75,0.725,0.675,0.05,0
171,0.25,1,1,0.9,0.825,0.775,0.75,0.7,0.65,0.05,0
172,0.25,1,1,0.9,0.8,0.775,0.725,0.65,0.6,0.55,0
173,0.25,1,1,0.925,0.875,0.85,0.8,0.7,0.65,0.5,0
174,0.25,1,1,0.9,0.875,0.85,0.75,0.7,0.55,0.05,0
175,0.25,1,1,0.9,0.825,0.775,0.75,0.625,0.55,0.5,0
176,0.25,1,1,0.975,0.95,0.85,0.75,0.6,0.1,0.05,0
177,0.25,1,1,0.925,0.825,0.8,0.75,0.7,0.1,0.05,0
178,0.25,1,1,0.95,0.85,0.775,0.75,0.675,0.55,0.05,0
179,0.25,1,1,0.925,0.825,0.75,0.7,0.65,0.55,0.05,0
180,0.25,1,1,0.9,0.825,0.8,0.775,0.65,0.6,0.55,0
181,0.25,1,1,0.9,0.825,0.75,0.725,0.6,0.1,0.05,0
182,0.25,1,1,0.9,0.875,0.8,0.75,0.7,0.65,0.575,0
183,0.25,1,1,0.9,0.825,0.8,0.75,0.7,0.625,0.575,0
184,0.25,1,1,0.975,0.95,0.85,0.75,0.6,0.1,0.05,0
185,0.25,1,1,0.9,0.825,0.75,0.725,0.7,0.1,0.05,0
186,0.25,1,1,0.975,0.925,0.825,0.8,0.65,0.6,0.575,0
187,0.25,1,1,0.9,0.825,0.8,0.75,0.7,0.65,0.55,0
188,0.25,1,1,0.9,0.825,0.8,0.75,0.7,0.65,0.575,0
189,0.25,1,1,0.925,0.85,0.8,0.7,0.65,0.575,0.05,0
190,0.25,1,1,0.9,0.825,0.8,0.75,0.7,0.65,0.575,0
191,0.25,1,1,0.925,0.825,0.775,0.75,0.675,0.625,0.6,0
192,0.25,1,1,0.975,0.95,0.9,0.825,0.7,0.6,0.55,0
193,0.25,1,1,0.9,0.825,0.8,0.75,0.7,0.65,0.5,0
194,0.25,1,1,0.975,0.875,0.85,0.775,0.675,0.625,0.05,0
195,0.25,1,1,0.9,0.825,0.8,0.775,0.725,0.625,0.575,0
196,0.25,1,1,0.95,0.85,0.825,0.725,0.7,0.6,0.05,0
197,0.25,1,1,0.95,0.925,0.9,0.8,0.775,0.6,0.55,0
198,0.25,1,1,0.9,0.875,0.8,0.75,0.675,0.1,0.05,0
199,0.25,1,1,0.9,0.825,0.8,0.75,0.6,0.1,0.05,0
200,0.25,1,1,0.975,0.9,0.8,0.75,0.7,0.55,0.05,0
201,0.25,1,1,0.9,0.875,0.85,0.825,0.65,0.6,0.55,0
202,0.25,1,1,0.975,0.875,0.775,0.75,0.65,0.6,0.55,0
203,0.25,1,1,0.9,0.85,0.775,0.75,0.675,0.55,0.5,0
204,0.25,1,1,0.975,0.875,0.8,0.775,0.6,0.55,0.05,0
205,0.25,1,1,0.9,0.825,0.8,0.7,0.65,0.575,0.525,0
206,0.25,1,1,0.975,0.9,0.8,0.75,0.725,0.675,0.55,0
207,0.25,1,1,0.9,0.875,0.825,0.75,0.675,0.55,0.5,0
208,0.25,1,1,0.9,0.875,0.8,0.75,0.6,0.1,0.05,0
209,0.25,1,1,0.975,0.9,0.8,0.75,0.7,0.65,0.6,0
210,0.25,1,1,0.975,0.875,0.8,0.7,0.65,0.1,0.05,0
211,0.25,1,1,0.925,0.825,0.775,0.725,0.65,0.575,0.05,0
212,0.25,1,1,0.9,0.825,0.8,0.775,0.725,0.575,0.05,0
213,0.25,1,1,0.975,0.9,0.875,0.75,0.675,0.1,0.05,0
214,0.25,1,1,0.9,0.875,0.8,0.75,0.6,0.1,0.05,0
215,0.25,1,1,0.9,0.825,0.8,0.775,0.65,0.6,0.05,0
216,0.25,1,1,0.9,0.825,0.8,0.775,0.65,0.1,0.05,0
217,0.25,1,1,0.925,0.825,0.775,0.75,0.725,0.625,0.575,0
218,0.25,1,1,0.9,0.875,0.85,0.75,0.7,0.65,0.05,0
219,0.25,1,1,0.9,0.85,0.775,0.725,0.7,0.675,0.5,0
220,0.25,1,1,0.975,0.9,0.8,0.75,0.675,0.625,0.05,0
221,0.25,1,1,0.925,0.85,0.75,0.7,0.6,0.55,0.05,0
222,0.25,1,1,0.925,0.825,0.8,0.75,0.65,0.6,0.05,0
223,0.25,1,1,0.9,0.825,0.8,0.775,0.725,0.675,0.575,0
224,0.25,1,1,0.9,0.85,0.8,0.775,0.75,0.675,0.575,0
225,0.25,1,1,0.9,0.875,0.85,0.725,0.675,0.625,0.05,0
226,0.25,1,1,0.9,0.825,0.8,0.75,0.7,0.65,0.55,0
227,0.25,1,1,0.9,0.825,0.775,0.75,0.675,0.55,0.05,0
228,0.25,1,1,0.9,0.825,0.8,0.775,0.65,0.1,0.05,0
229,0.25,1,1,0.9,0.825,0.8,0.775,0.725,0.6,0.05,0
230,0.25,1,1,0.9,0.825,0.8,0.75,0.7,0.6,0.05,0
231,0.25,1,1,0.9,0.875,0.825,0.8,0.725,0.625,0.05,0
232,0.25,1,1,0.925,0.825,0.8,0.75,0.6,0.55,0.5,0
233,0.25,1,1,0.9,0.825,0.8,0.75,0.725,0.6,0.55,0
234,0.25,1,1,0.9,0.825,0.8,0.75,0.725,0.675,0.525,0
235,0.25,1,1,0.9,0.875,0.85,0.825,0.65,0.1,0.05,0
236,0.25,1,1,0.925,0.825,0.775,0.75,0.7,0.675,0.5,0
237,0.25,1,1,0.9,0.85,0.825,0.8,0.775,0.6,0.05,0
238,0.25,1,1,0.9,0.875,0.85,0.8,0.75,0.675,0.55,0
239,0.25,1,1,0.975,0.95,0.875,0.75,0.6,0.1,0.05,0
240,0.25,1,1,0.975,0.875,0.85,0.75,0.7,0.625,0.05,0
241,0.25,1,1,0.9,0.825,0.8,0.775,0.7,0.1,0.05,0
242,0.25,1,1,0.9,0.875,0.85,0.825,0.65,0.6,0.55,0
243,0.25,1,1,0.9,0.875,0.8,0.75,0.675,0.625,0.575,0
244,0.25,1,1,0.9,0.875,0.85,0.75,0.7,0.625,0.05,0
245,0.25,1,1,0.9,0.825,0.8,0.75,0.7,0.65,0.05,0
246,0.25,1,1,0.9,0.875,0.8,0.75,0.65,0.1,0.05,0
247,0.25,1,1,0.9,0.875,0.775,0.725,0.675,0.1,0.05,0
248,0.25,1,1,0.9,0.875,0.8,0.75,0.7,0.65,0.6,0
249,0.25,1,1,0.9,0.825,0.8,0.775,0.75,0.1,0.05,0
250,0.25,1,1,0.9,0.875,0.8,0.75,0.675,0.625,0.05,0
251,0.25,1,1,0.975,0.925,0.875,0.775,0.75,0.725,0.55,0
252,0.25,1,1,0.925,0.85,0.825,0.7,0.625,0.575,0.05,0
253,0.25,1,1,0.9,0.85,0.775,0.75,0.725,0.6,0.05,0
254,0.25,1,1,0.95,0.85,0.825,0.725,0.675,0.625,0.55,0
255,0.25,1,1,0.925,0.825,0.8,0.775,0.675,0.1,0.05,0
256,0.25,1,1,0.9,0.875,0.8,0.775,0.65,0.6,0.55,0
257,0.25,1,1,0.9,0.825,0.8,0.775,0.75,0.1,0.05,0
258,0.25,1,1,0.95,0.875,0.775,0.75,0.725,0.55,0.05,0
259,0.25,1,1,0.9,0.875,0.85,0.725,0.6,0.1,0.05,0
260,0.25,1,1,0.975,0.875,0.8,0.775,0.725,0.675,0.575,0
261,0.25,1,1,0.9,0.825,0.8,0.75,0.7,0.6,0.55,0
262,0.25,1,1,0.9,0.875,0.85,0.75,0.7,0.65,0.6,0
263,0.25,1,1,0.9,0.875,0.825,0.75,0.7,0.625,0.575,0
264,0.25,1,1,0.925,0.825,0.8,0.75,0.625,0.575,0.05,0
265,0.25,1,1,0.9,0.875,0.8,0.75,0.7,0.65,0.05,0
266,0.25,1,1,0.925,0.825,0.75,0.7,0.625,0.575,0.05,0
267,0.25,1,1,0.925,0.875,0.775,0.7,0.65,0.575,0.05,0
268,0.25,1,1,0.975,0.9,0.875,0.75,0.7,0.575,0.05,0
269,0.25,1,1,0.9,0.825,0.775,0.75,0.65,0.6,0.5,0
270,0.25,1,1,0.925,0.825,0.75,0.725,0.675,0.625,0.55,0
271,0.25,1,1,0.9,0.825,0.8,0.75,0.7,0.675,0.55,0
272,0.25,1,1,0.9,0.875,0.8,0.75,0.7,0.625,0.575,0
273,0.25,1,1,0.9,0.875,0.8,0.725,0.6,0.1,0.05,0
274,0.25,1,1,0.975,0.875,0.85,0.825,0.775,0.6,0.05,0
275,0.25,1,1,0.975,0.875,0.85,0.825,0.75,0.1,0.05,0
276,0.25,1,1,0.9,0.875,0.8,0.775,0.725,0.6,0.05,0
277,0.25,1,1,0.9,0.825,0.8,0.725,0.6,0.55,0.05,0
278,0.25,1,1,0.925,0.825,0.8,0.75,0.7,0.65,0.575,0
279,0.25,1,1,0.9,0.825,0.8,0.775,0.65,0.6,0.55,0
280,0.25,1,1,0.925,0.825,0.8,0.75,0.725,0.675,0.55,0
281,0.25,1,1,0.925,0.9,0.8,0.75,0.6,0.55,0.05,0
282,0.25,1,1,0.9,0.825,0.8,0.775,0.625,0.575,0.05,0
283,0.25,1,1,0.9,0.875,0.775,0.725,0.675,0.55,0.05,0
284,0.25,1,1,0.9,0.875,0.85,0.75,0.7,0.65,0.05,0
285,0.25,1,1,0.9,0.825,0.75,0.725,0.675,0.55,0.05,0
286,0.25,1,1,0.925,0.825,0.775,0.75,0.7,0.65,0.625,0
287,0.25,1,1,0.975,0.875,0.775,0.725,0.675,0.625,0.575,0
288,0.25,1,1,0.925,0.825,0.75,0.725,0.7,0.1,0.05,0
289,0.25,1,1,0.9,0.825,0.8,0.75,0.7,0.65,0.575,0
290,0.25,1,1,0.9,0.825,0.775,0.75,0.7,0.65,0.6,0
291,0.25,1,1,0.9,0.875,0.8,0.75,0.7,0.65,0.55,0
292,0.25,1,1,0.95,0.925,0.85,0.8,0.7,0.65,0.55,0
293,0.25,1,1,0.975,0.875,0.85,0.8,0.775,0.7,0.05,0
294,0.25,1,1,0.925,0.825,0.8,0.75,0.6,0.55,0.05,0
295,0.25,1,1,0.9,0.825,0.75,0.725,0.6,0.1,0.05,0
296,0.25,1,1,0.925,0.825,0.75,0.725,0.675,0.55,0.05,0
297,0.25,1,1,0.975,0.875,0.85,0.775,0.625,0.1,0.05,0
298,0.25,1,1,0.9,0.825,0.75,0.725,0.65,0.1,0.05,0
299,0.25,1,1,0.925,0.9,0.8,0.775,0.7,0.65,0.6,0
300,0.25,1,1,0.925,0.9,0.8,0.75,0.7,0.575,0.525,0
301,0.25,1,1,0.9,0.875,0.85,0.8,0.725,0.7,0.65,0
302,0.25,1,1,0.9,0.85,0.775,0.675,0.6,0.55,0.05,0
303,0.25,1,1,0.975,0.875,0.8,0.75,0.7,0.65,0.575,0
304,0.25,1,1,0.975,0.875,0.8,0.725,0.6,0.55,0.05,0
305,0.25,1,1,0.975,0.875,0.8,0.725,0.6,0.1,0.05,0
306,0.25,1,1,0.925,0.825,0.8,0.75,0.7,0.65,0.05,0
307,0.25,1,1,0.9,0.825,0.8,0.775,0.675,0.625,0.05,0
308,0.25,1,1,0.9,0.85,0.775,0.7,0.65,0.6,0.5,0
309,0.25,1,1,0.9,0.825,0.8,0.775,0.65,0.1,0.05,0
310,0.25,1,1,0.925,0.825,0.775,0.75,0.65,0.6,0.55,0
311,0.25,1,1,0.9,0.825,0.775,0.75,0.7,0.575,0.525,0
312,0.25,1,1,0.9,0.875,0.775,0.725,0.675,0.625,0.55,0
313,0.25,1,1,0.925,0.85,0.825,0.725,0.7,0.1,0.05,0
314,0.25,1,1,0.925,0.825,0.8,0.7,0.6,0.1,0.05,0
315,0.25,1,1,0.975,0.875,0.85,0.825,0.65,0.1,0.05,0
316,0.25,1,1,0.975,0.875,0.8,0.725,0.65,0.6,0.05,0
317,0.25,1,1,0.9,0.825,0.8,0.75,0.725,0.6,0.05,0
318,0.25,1,1,0.975,0.95,0.85,0.825,0.65,0.6,0.05,0
319,0.25,1,1,0.9,0.875,0.8,0.775,0.6,0.55,0.05,0
320,0.25,1,1,0.9,0.875,0.85,0.75,0.675,0.625,0.575,0
321,0.25,1,1,0.975,0.95,0.85,0.8,0.7,0.55,0.05,0
322,0.25,1,1,0.975,0.9,0.8,0.75,0.725,0.65,0.05,0
323,0.25,1,1,0.975,0.95,0.875,0.85,0.65,0.6,0.55,0
324,0.25,1,1,0.975,0.875,0.85,0.75,0.675,0.625,0.05,0
325,0.25,1,1,0.975,0.875,0.8,0.775,0.65,0.6,0.05,0
326,0.25,1,1,0.9,0.85,0.775,0.75,0.675,0.625,0.05,0
327,0.25,1,1,0.9,0.825,0.75,0.725,0.625,0.1,0.05,0
328,0.25,1,1,0.975,0.925,0.825,0.8,0.7,0.55,0.05,0
329,0.25,1,1,0.925,0.9,0.8,0.775,0.725,0.6,0.55,0
330,0.25,1,1,0.975,0.875,0.85,0.825,0.65,0.6,0.55,0
331,0.25,1,1,0.925,0.825,0.8,0.675,0.65,0.1,0.05,0
332,0.25,1,1,0.9,0.875,0.8,0.775,0.7,0.65,0.05,0
333,0.25,1,1,0.9,0.875,0.825,0.8,0.775,0.6,0.55,0
334,0.25,1,1,0.975,0.875,0.85,0.725,0.6,0.1,0.05,0
335,0.25,1,1,0.975,0.9,0.8,0.775,0.675,0.625,0.05,0
336,0.25,1,1,0.9,0.825,0.8,0.725,0.6,0.1,0.05,0
337,0.25,1,1,0.925,0.825,0.775,0.725,0.675,0.625,0.5,0
338,0.25,1,1,0.975,0.875,0.8,0.75,0.65,0.6,0.05,0
339,0.25,1,1,0.9,0.875,0.825,0.8,0.7,0.625,0.575,0
340,0.25,1,1,0.9,0.875,0.8,0.75,0.7,0.625,0.575,0
341,0.25,1,1,0.9,0.875,0.775,0.725,0.675,0.625,0.575,0
342,0.25,1,1,0.975,0.875,0.85,0.75,0.7,0.625,0.05,0
343,0.25,1,1,0.9,0.875,0.8,0.75,0.675,0.625,0.575,0
344,0.25,1,1,0.925,0.825,0.8,0.75,0.7,0.65,0.55,0
345,0.25,1,1,0.925,0.825,0.75,0.725,0.625,0.1,0.05,0
346,0.25,1,1,0.9,0.825,0.775,0.75,0.725,0.675,0.55,0
347,0.25,1,1,0.925,0.85,0.75,0.7,0.6,0.55,0.05,0
348,0.25,1,1,0.975,0.9,0.8,0.75,0.725,0.6,0.55,0
349,0.25,1,1,0.9,0.825,0.8,0.775,0.725,0.6,0.55,0
350,0.25,1,1,0.9,0.825,0.8,0.75,0.7,0.6,0.05,0
351,0.25,1,1,0.9,0.875,0.8,0.775,0.65,0.1,0.05,0
352,0.25,1,1,0.925,0.825,0.8,0.775,0.725,0.65,0.05,0
353,0.25,1,1,0.9,0.875,0.8,0.775,0.65,0.6,0.55,0
354,0.25,1,1,0.925,0.825,0.75,0.725,0.6,0.55,0.05,0
355,0.25,1,1,0.925,0.9,0.8,0.75,0.7,0.575,0.05,0
356,0.25,1,1,0.925,0.825,0.8,0.775,0.725,0.625,0.05,0
357,0.25,1,1,0.925,0.9,0.8,0.75,0.625,0.1,0.05,0
358,0.25,1,1,0.9,0.825,0.8,0.75,0.65,0.6,0.05,0
359,0.25,1,1,0.975,0.875,0.8,0.775,0.725,0.6,0.05,0
360,0.25,1,1,0.9,0.825,0.8,0.775,0.65,0.6,0.05,0
361,0.25,1,1,0.9,0.825,0.8,0.775,0.7,0.65,0.6,0
362,0.25,1,1,0.9,0.875,0.775,0.725,0.675,0.625,0.05,0
363,0.25,1,1,0.975,0.9,0.8,0.75,0.725,0.625,0.05,0
364,0.25,1,1,0.9,0.825,0.775,0.75,0.7,0.675,0.05,0
365,0.25,1,1,0.925,0.825,0.8,0.7,0.65,0.6,0.5,0
366,0.25,1,1,0.95,0.875,0.775,0.75,0.7,0.6,0.05,0
367,0.25,1,1,0.9,0.875,0.8,0.75,0.7,0.625,0.05,0
368,0.25,1,1,0.9,0.875,0.8,0.75,0.725,0.55,0.5,0
369,0.25,1,1,0.925,0.825,0.775,0.75,0.675,0.1,0.05,0
370,0.25,1,1,0.9,0.875,0.825,0.725,0.675,0.6,0.55,0
371,0.25,1,1,0.9,0.875,0.8,0.775,0.725,0.675,0.55,0
372,0.25,1,1,0.9,0.875,0.8,0.75,0.7,0.6,0.05,0
373,0.25,1,1,0.975,0.95,0.925,0.825,0.75,0.1,0.05,0
374,0.25,1,1,0.9,0.825,0.775,0.725,0.675,0.575,0.05,0
375,0.25,1,1,0.975,0.875,0.85,0.75,0.675,0.1,0.05,0
376,0.25,1,1,0.975,0.9,0.875,0.775,0.65,0.6,0.55,0
377,0.25,1,1,0.9,0.875,0.825,0.75,0.7,0.65,0.5,0
378,0.25,1,1,0.95,0.875,0.775,0.75,0.675,0.625,0.5,0
379,0.25,1,1,0.975,0.875,0.8,0.725,0.675,0.6,0.05,0
380,0.25,1,1,0.925,0.825,0.8,0.75,0.675,0.625,0.05,0
381,0.25,1,1,0.95,0.85,0.775,0.75,0.675,0.575,0.525,0
382,0.25,1,1,0.95,0.875,0.85,0.75,0.7,0.6,0.55,0
383,0.25,1,1,0.925,0.825,0.8,0.75,0.725,0.575,0.05,0
384,0.25,1,1,0.925,0.825,0.8,0.775,0.725,0.675,0.575,0
385,0.25,1,1,0.9,0.875,0.85,0.8,0.725,0.6,0.05,0
386,0.25,1,1,0.975,0.875,0.85,0.8,0.7,0.6,0.05,0
387,0.25,1,1,0.925,0.875,0.825,0.725,0.7,0.675,0.5,0
388,0.25,1,1,0.9,0.875,0.85,0.775,0.675,0.625,0.575,0
389,0.25,1,1,0.9,0.825,0.8,0.75,0.7,0.65,0.575,0
390,0.25,1,1,0.975,0.9,0.875,0.75,0.7,0.65,0.575,0
391,0.25,1,1,0.9,0.875,0.85,0.825,0.65,0.1,0.05,0
392,0.25,1,1,0.975,0.95,0.85,0.75,0.65,0.6,0.55,0
393,0.25,1,1,0.9,0.825,0.775,0.75,0.725,0.675,0.625,0
394,0.25,1,1,0.9,0.85,0.825,0.8,0.725,0.7,0.65,0
395,0.25,1,1,0.9,0.875,0.85,0.825,0.775,0.6,0.55,0
396,0.25,1,1,0.925,0.825,0.8,0.75,0.65,0.1,0.05,0
397,0.25,1,1,0.975,0.95,0.85,0.775,0.65,0.1,0.05,0
398,0.25,1,1,0.975,0.95,0.85,0.775,0.6,0.55,0.05,0
399,0.25,1,1,0.975,0.9,0.8,0.75,0.725,0.675,0.05,0
400,0.25,1,1,0.9,0.825,0.75,0.725,0.675,0.1,0.05,0
401,0.25,1,1,0.9,0.875,0.85,0.75,0.675,0.625,0.05,0
402,0.25,1,1,0.9,0.825,0.8,0.775,0.725,0.6,0.55,0
403,0.25,1,1,0.925,0.825,0.8,0.75,0.675,0.1,0.05,0
404,0.25,1,1,0.9,0.875,0.8,0.75,0.625,0.1,0.05,0
405,0.25,1,1,0.925,0.9,0.8,0.775,0.6,0.1,0.05,0
406,0.25,1,1,0.925,0.9,0.8,0.775,0.725,0.625,0.575,0
407,0.25,1,1,0.95,0.85,0.8,0.775,0.75,0.725,0.55,0
408,0.25,1,1,0.95,0.925,0.85,0.75,0.7,0.55,0.05,0
409,0.25,1,1,0.925,0.825,0.8,0.7,0.65,0.575,0.525,0
410,0.25,1,1,0.9,0.825,0.8,0.75,0.725,0.625,0.05,0
411,0.25,1,1,0.975,0.9,0.8,0.775,0.725,0.675,0.55,0
412,0.25,1,1,0.9,0.875,0.8,0.725,0.7,0.1,0.05,0
413,0.25,1,1,0.9,0.875,0.85,0.775,0.675,0.625,0.05,0
414,0.25,1,1,0.9,0.825,0.8,0.75,0.675,0.625,0.575,0
415,0.25,1,1,0.9,0.875,0.8,0.775,0.725,0.6,0.55,0
416,0.25,1,1,0.975,0.875,0.8,0.75,0.6,0.55,0.05,0
417,0.25,1,1,0.9,0.875,0.85,0.75,0.675,0.625,0.05,0
418,0.25,1,1,0.925,0.875,0.775,0.7,0.65,0.625,0.5,0
419,0.25,1,1,0.9,0.875,0.8,0.775,0.725,0.65,0.05,0
420,0.25,1,1,0.9,0.825,0.75,0.7,0.675,0.625,0.575,0
421,0.25,1,1,0.975,0.875,0.8,0.775,0.65,0.6,0.55,0
422,0.25,1,1,0.9,0.825,0.8,0.75,0.7,0.6,0.05,0
423,0.25,1,1,0.975,0.875,0.8,0.75,0.725,0.55,0.5,0
424,0.25,1,1,0.9,0.825,0.8,0.75,0.7,0.55,0.05,0
425,0.25,1,1,0.95,0.85,0.825,0.75,0.7,0.55,0.5,0
426,0.25,1,1,0.9,0.875,0.8,0.75,0.65,0.6,0.55,0
427,0.25,1,1,0.975,0.875,0.775,0.75,0.7,0.55,0.05,0
428,0.25,1,1,0.975,0.9,0.8,0.75,0.65,0.1,0.05,0
429,0.25,1,1,0.9,0.825,0.75,0.725,0.6,0.1,0.05,0
430,0.25,1,1,0.9,0.825,0.8,0.775,0.65,0.1,0.05,0
431,0.25,1,1,0.975,0.875,0.825,0.8,0.7,0.55,0.5,0
432,0.25,1,1,0.925,0.825,0.775,0.75,0.7,0.625,0.575,0
433,0.25,1,1,0.925,0.825,0.775,0.75,0.675,0.625,0.525,0
434,0.25,1,1,0.9,0.875,0.8,0.775,0.6,0.1,0.05,0
435,0.25,1,1,0.9,0.875,0.85,0.775,0.675,0.625,0.575,0
436,0.25,1,1,0.925,0.825,0.725,0.7,0.6,0.1,0.05,0
437,0.25,1,1,0.975,0.875,0.8,0.725,0.675,0.55,0.05,0
438,0.25,1,1,0.975,0.95,0.85,0.75,0.65,0.6,0.55,0
439,0.25,1,1,0.975,0.875,0.775,0.75,0.65,0.6,0.05,0
440,0.25,1,1,0.9,0.825,0.8,0.775,0.675,0.625,0.575,0
441,0.25,1,1,0.9,0.875,0.85,0.775,0.675,0.1,0.05,0
442,0.25,1,1,0.9,0.825,0.775,0.75,0.725,0.625,0.05,0
443,0.25,1,1,0.925,0.825,0.75,0.7,0.65,0.575,0.05,0
444,0.25,1,1,0.975,0.95,0.875,0.85,0.8,0.6,0.55,0
445,0.25,1,1,0.9,0.875,0.8,0.675,0.6,0.55,0.05,0
446,0.25,1,1,0.9,0.825,0.775,0.75,0.7,0.65,0.6,0
447,0.25,1,1,0.925,0.825,0.8,0.75,0.7,0.575,0.525,0
448,0.25,1,1,0.975,0.875,0.85,0.775,0.6,0.1,0.05,0
449,0.25,1,1,0.9,0.875,0.825,0.8,0.675,0.65,0.6,0
450,0.25,1,1,0.925,0.825,0.8,0.775,0.625,0.1,0.05,0
451,0.25,1,1,0.9,0.825,0.8,0.75,0.7,0.55,0.5,0
452,0.25,1,1,0.9,0.875,0.8,0.75,0.725,0.675,0.5,0
453,0.25,1,1,0.925,0.825,0.775,0.75,0.675,0.65,0.05,0
454,0.25,1,1,0.9,0.825,0.8,0.75,0.675,0.625,0.575,0
455,0.25,1,1,0.9,0.875,0.8,0.775,0.725,0.6,0.55,0
456,0.25,1,1,0.925,0.825,0.8,0.75,0.7,0.625,0.575,0
457,0.25,1,1,0.9,0.825,0.75,0.725,0.6,0.55,0.5,0
458,0.25,1,1,0.9,0.875,0.8,0.75,0.725,0.675,0.5,0
459,0.25,1,1,0.9,0.875,0.8,0.775,0.65,0.1,0.05,0
460,0.25,1,1,0.975,0.925,0.9,0.825,0.8,0.6,0.05,0
461,0.25,1,1,0.925,0.825,0.8,0.725,0.6,0.55,0.05,0
462,0.25,1,1,0.9,0.825,0.8,0.75,0.7,0.65,0.05,0
463,0.25,1,1,0.9,0.85,0.775,0.725,0.7,0.65,0.5,0
464,0.25,1,1,0.95,0.875,0.85,0.8,0.7,0.65,0.575,0
465,0.25,1,1,0.9,0.875,0.775,0.725,0.675,0.55,0.05,0
466,0.25,1,1,0.9,0.85,0.825,0.75,0.65,0.55,0.05,0
467,0.25,1,1,0.9,0.825,0.775,0.75,0.7,0.65,0.575,0
468,0.25,1,1,0.9,0.875,0.8,0.75,0.7,0.55,0.5,0
469,0.25,1,1,0.9,0.875,0.85,0.725,0.675,0.1,0.05,0
470,0.25,1,1,0.975,0.95,0.85,0.75,0.675,0.625,0.575,0
471,0.25,1,1,0.9,0.825,0.8,0.775,0.725,0.575,0.05,0
472,0.25,1,1,0.9,0.825,0.8,0.775,0.675,0.625,0.05,0
473,0.25,1,1,0.9,0.875,0.775,0.75,0.7,0.6,0.55,0
474,0.25,1,1,0.925,0.875,0.775,0.75,0.725,0.625,0.05,0
475,0.25,1,1,0.9,0.825,0.775,0.75,0.7,0.55,0.5,0
476,0.25,1,1,0.975,0.875,0.775,0.75,0.6,0.1,0.05,0
477,0.25,1,1,0.9,0.875,0.8,0.75,0.7,0.625,0.05,0
478,0.25,1,1,0.975,0.875,0.825,0.775,0.75,0.65,0.5,0
479,0.25,1,1,0.9,0.825,0.8,0.725,0.675,0.625,0.05,0
480,0.25,1,1,0.9,0.825,0.8,0.775,0.675,0.1,0.05,0
481,0.25,1,1,0.9,0.825,0.775,0.75,0.725,0.675,0.575,0
482,0.25,1,1,0.9,0.875,0.8,0.775,0.65,0.6,0.55,0
483,0.25,1,1,0.925,0.825,0.8,0.775,0.65,0.1,0.05,0
484,0.25,1,1,0.95,0.85,0.775,0.7,0.675,0.55,0.05,0
485,0.25,1,1,0.925,0.9,0.8,0.7,0.65,0.55,0.5,0
486,0.25,1,1,0.975,0.875,0.85,0.8,0.7,0.625,0.05,0
487,0.25,1,1,0.975,0.95,0.85,0.75,0.7,0.55,0.05,0
488,0.25,1,1,0.975,0.875,0.8,0.75,0.7,0.65,0.05,0
489,0.25,1,1,0.9,0.85,0.775,0.75,0.7,0.65,0.575,0
490,0.25,1,1,0.925,0.825,0.8,0.75,0.7,0.1,0.05,0
491,0.25,1,1,0.925,0.875,0.775,0.75,0.725,0.6,0.55,0
492,0.25,1,1,0.9,0.825,0.8,0.775,0.7,0.65,0.05,0
493,0.25,1,1,0.9,0.875,0.8,0.675,0.6,0.1,0.05,0
494,0.25,1,1,0.9,0.85,0.825,0.8,0.7,0.625,0.05,0
495,0.25,1,1,0.925,0.825,0.8,0.725,0.6,0.1,0.05,0
496,0.25,1,1,0.925,0.825,0.8,0.775,0.7,0.65,0.6,0
497,0.25,1,1,0.9,0.825,0.8,0.75,0.65,0.1,0.05,0
498,0.25,1,1,0.9,0.875,0.775,0.725,0.65,0.1,0.05,0
499,0.25,1,1,0.9,0.875,0.85,0.75,0.7,0.625,0.05,0
500,0.25,1,1,0.975,0.875,0.8,0.75,0.675,0.625,0.575,0
1,0.5,0,1,0.875,0.675,0.625,0.225,0.175,0.15,0.075,0
2,0.5,0,1,0.95,0.75,0.35,0.325,0.2,0.125,0.05,0
3,0.5,0,1,0.65,0.425,0.3,0.225,0.175,0.1,0.05,0
4,0.5,0,1,0.95,0.6,0.375,0.25,0.2,0.15,0.1,0.025
5,0.5,0,1,0.975,0.85,0.65,0.25,0.2,0.15,0.075,0
6,0.5,0,1,0.95,0.55,0.325,0.25,0.125,0.1,0.05,0
7,0.5,0,1,0.875,0.675,0.625,0.575,0.175,0.15,0.075,0
8,0.5,0,1,0.8,0.425,0.35,0.325,0.2,0.15,0.075,0
9,0.5,0,1,0.975,0.925,0.5,0.375,0.15,0.1,0.05,0
10,0.5,0,1,0.8,0.425,0.3,0.25,0.175,0.1,0.025,0
11,0.5,0,1,0.95,0.575,0.35,0.275,0.125,0.1,0.05,0
12,0.5,0,1,0.8,0.425,0.35,0.225,0.175,0.15,0.1,0.025
13,0.5,0,1,0.8,0.425,0.3,0.225,0.2,0.125,0.05,0
14,0.5,0,1,0.65,0.6,0.475,0.25,0.175,0.125,0.1,0.025
15,0.5,0,1,0.8,0.425,0.35,0.25,0.225,0.175,0.05,0
16,0.5,0,1,0.8,0.75,0.625,0.225,0.2,0.15,0.075,0
17,0.5,0,1,0.95,0.575,0.35,0.225,0.15,0.1,0.05,0
18,0.5,0,1,0.65,0.575,0.35,0.3,0.275,0.15,0.1,0.025
19,0.5,0,1,0.95,0.9,0.7,0.65,0.2,0.075,0.025,0
20,0.5,0,1,0.8,0.425,0.35,0.225,0.2,0.15,0.1,0.025
21,0.5,0,1,0.8,0.675,0.625,0.575,0.175,0.125,0.1,0.025
22,0.5,0,1,0.8,0.425,0.3,0.25,0.2,0.15,0.1,0.025
23,0.5,0,1,0.875,0.825,0.625,0.575,0.525,0.15,0.075,0
24,0.5,0,1,0.65,0.575,0.45,0.225,0.2,0.125,0.05,0
25,0.5,0,1,0.65,0.6,0.375,0.25,0.2,0.125,0.05,0
26,0.5,0,1,0.8,0.775,0.65,0.25,0.2,0.15,0.075,0
27,0.5,0,1,0.65,0.425,0.35,0.225,0.2,0.15,0.075,0
28,0.5,0,1,0.8,0.775,0.375,0.325,0.275,0.15,0.1,0.025
29,0.5,0,1,0.95,0.825,0.45,0.225,0.2,0.15,0.1,0.025
30,0.5,0,1,0.8,0.675,0.625,0.225,0.175,0.1,0.025,0
31,0.5,0,1,0.8,0.675,0.65,0.575,0.2,0.15,0.1,0.025
32,0.5,0,1,0.65,0.425,0.35,0.275,0.125,0.075,0.05,0
33,0.5,0,1,0.875,0.525,0.3,0.225,0.2,0.15,0.1,0.025
34,0.5,0,1,0.95,0.75,0.7,0.575,0.2,0.15,0.075,0
35,0.5,0,1,0.8,0.75,0.35,0.3,0.275,0.15,0.1,0.025
36,0.5,0,1,0.8,0.75,0.625,0.575,0.2,0.125,0.05,0
37,0.5,0,1,0.8,0.75,0.325,0.2,0.15,0.1,0.05,0
38,0.5,0,1,0.65,0.425,0.35,0.275,0.225,0.1,0.05,0
39,0.5,0,1,0.65,0.425,0.3,0.225,0.175,0.125,0.1,0.025
40,0.5,0,1,0.8,0.425,0.3,0.25,0.2,0.15,0.075,0
41,0.5,0,1,0.8,0.425,0.375,0.325,0.275,0.15,0.1,0.025
42,0.5,0,1,0.65,0.425,0.375,0.3,0.15,0.1,0.05,0
43,0.5,0,1,0.65,0.425,0.375,0.25,0.2,0.15,0.075,0
44,0.5,0,1,0.65,0.575,0.325,0.25,0.2,0.075,0.05,0
45,0.5,0,1,0.8,0.425,0.35,0.3,0.275,0.15,0.075,0
46,0.5,0,1,0.875,0.525,0.3,0.225,0.175,0.125,0.1,0.025
47,0.5,0,1,0.95,0.9,0.7,0.325,0.2,0.15,0.075,0
48,0.5,0,1,0.95,0.75,0.7,0.65,0.275,0.2,0.125,0
49,0.5,0,1,0.95,0.75,0.35,0.325,0.2,0.15,0.1,0.025
50,0.5,0,1,0.8,0.425,0.35,0.3,0.175,0.15,0.075,0
51,0.5,0,1,0.8,0.75,0.7,0.65,0.25,0.125,0.1,0.025
52,0.5,0,1,0.65,0.425,0.3,0.25,0.2,0.125,0.05,0
53,0.5,0,1,0.875,0.675,0.65,0.575,0.2,0.125,0.05,0
54,0.5,0,1,0.8,0.75,0.35,0.275,0.125,0.075,0.05,0
55,0.5,0,1,0.975,0.775,0.7,0.325,0.275,0.225,0.1,0.025
56,0.5,0,1,0.65,0.425,0.375,0.3,0.175,0.15,0.075,0
57,0.5,0,1,0.65,0.425,0.35,0.325,0.275,0.15,0.075,0
58,0.5,0,1,0.8,0.425,0.375,0.25,0.2,0.15,0.1,0.025
59,0.5,0,1,0.65,0.575,0.35,0.275,0.125,0.075,0.025,0
60,0.5,0,1,0.8,0.75,0.35,0.325,0.2,0.125,0.05,0
61,0.5,0,1,0.8,0.75,0.35,0.225,0.15,0.1,0.05,0
62,0.5,0,1,0.95,0.75,0.35,0.3,0.275,0.15,0.075,0
63,0.5,0,1,0.975,0.775,0.375,0.325,0.2,0.15,0.1,0.025
64,0.5,0,1,0.65,0.425,0.375,0.25,0.2,0.15,0.075,0
65,0.5,0,1,0.65,0.425,0.375,0.3,0.175,0.1,0.025,0
66,0.5,0,1,0.975,0.775,0.65,0.25,0.2,0.15,0.075,0
67,0.5,0,1,0.8,0.425,0.375,0.25,0.2,0.15,0.075,0
68,0.5,0,1,0.875,0.675,0.3,0.225,0.15,0.1,0.05,0
69,0.5,0,1,0.8,0.425,0.3,0.225,0.175,0.15,0.1,0.025
70,0.5,0,1,0.875,0.675,0.625,0.225,0.15,0.075,0.05,0
71,0.5,0,1,0.8,0.675,0.3,0.25,0.2,0.15,0.1,0.025
72,0.5,0,1,0.8,0.75,0.35,0.225,0.2,0.125,0.05,0
73,0.5,0,1,0.8,0.75,0.35,0.325,0.2,0.125,0.05,0
74,0.5,0,1,0.95,0.825,0.775,0.425,0.2,0.15,0.1,0.025
75,0.5,0,1,0.8,0.425,0.35,0.225,0.15,0.1,0.05,0
76,0.5,0,1,0.875,0.825,0.625,0.575,0.175,0.15,0.075,0
77,0.5,0,1,0.8,0.775,0.375,0.325,0.275,0.225,0.1,0.025
78,0.5,0,1,0.8,0.425,0.35,0.225,0.2,0.15,0.1,0.025
79,0.5,0,1,0.8,0.425,0.375,0.3,0.175,0.125,0.1,0.025
80,0.5,0,1,0.8,0.425,0.3,0.25,0.2,0.125,0.05,0
81,0.5,0,1,0.8,0.425,0.375,0.25,0.2,0.15,0.1,0.025
82,0.5,0,1,0.65,0.425,0.35,0.2,0.125,0.075,0.05,0
83,0.5,0,1,0.8,0.775,0.375,0.325,0.2,0.15,0.1,0.025
84,0.5,0,1,0.95,0.75,0.35,0.3,0.225,0.075,0.05,0
85,0.5,0,1,0.875,0.675,0.65,0.25,0.2,0.125,0.05,0
86,0.5,0,1,0.875,0.525,0.45,0.225,0.175,0.1,0.05,0
87,0.5,0,1,0.65,0.425,0.3,0.225,0.15,0.075,0.025,0
88,0.5,0,1,0.8,0.675,0.625,0.225,0.15,0.1,0.05,0
89,0.5,0,1,0.8,0.425,0.35,0.275,0.2,0.075,0.025,0
90,0.5,0,1,0.8,0.425,0.35,0.325,0.25,0.175,0.05,0
91,0.5,0,1,0.95,0.75,0.35,0.3,0.25,0.125,0.05,0
92,0.5,0,1,0.65,0.425,0.3,0.225,0.2,0.15,0.1,0.025
93,0.5,0,1,0.65,0.425,0.35,0.25,0.125,0.075,0.05,0
94,0.5,0,1,0.8,0.75,0.35,0.225,0.15,0.075,0.025,0
95,0.5,0,1,0.8,0.425,0.3,0.225,0.175,0.125,0.05,0
96,0.5,0,1,0.95,0.75,0.7,0.65,0.525,0.15,0.075,0
97,0.5,0,1,0.8,0.675,0.625,0.25,0.175,0.125,0.05,0
98,0.5,0,1,0.8,0.425,0.35,0.225,0.175,0.125,0.1,0.025
99,0.5,0,1,0.8,0.775,0.375,0.325,0.2,0.125,0.05,0
100,0.5,0,1,0.8,0.425,0.3,0.25,0.2,0.15,0.1,0.025
101,0.5,0,1,0.875,0.525,0.3,0.25,0.2,0.15,0.075,0
102,0.5,0,1,0.65,0.425,0.35,0.225,0.2,0.15,0.1,0.025
103,0.5,0,1,0.95,0.75,0.625,0.225,0.2,0.125,0.05,0
104,0.5,0,1,0.65,0.425,0.375,0.3,0.225,0.075,0.05,0
105,0.5,0,1,0.95,0.575,0.525,0.3,0.175,0.15,0.1,0.025
106,0.5,0,1,0.875,0.675,0.3,0.225,0.175,0.125,0.1,0.025
107,0.5,0,1,0.8,0.75,0.35,0.325,0.275,0.15,0.075,0
108,0.5,0,1,0.8,0.75,0.35,0.325,0.25,0.175,0.05,0
109,0.5,0,1,0.8,0.425,0.35,0.225,0.15,0.1,0.05,0
110,0.5,0,1,0.8,0.75,0.35,0.275,0.125,0.075,0.05,0
111,0.5,0,1,0.65,0.6,0.375,0.3,0.175,0.15,0.1,0.025
112,0.5,0,1,0.8,0.425,0.35,0.3,0.175,0.1,0.025,0
113,0.5,0,1,0.8,0.75,0.625,0.575,0.2,0.15,0.1,0.025
114,0.5,0,1,0.875,0.525,0.3,0.225,0.2,0.15,0.075,0
115,0.5,0,1,0.875,0.675,0.3,0.225,0.2,0.15,0.075,0
116,0.5,0,1,0.8,0.425,0.35,0.25,0.125,0.1,0.05,0
117,0.5,0,1,0.8,0.425,0.35,0.225,0.2,0.125,0.05,0
118,0.5,0,1,0.8,0.425,0.35,0.2,0.125,0.075,0.05,0
119,0.5,0,1,0.8,0.425,0.3,0.225,0.125,0.075,0.025,0
120,0.5,0,1,0.8,0.75,0.35,0.225,0.15,0.1,0.05,0
121,0.5,0,1,0.8,0.675,0.65,0.25,0.2,0.15,0.1,0.025
122,0.5,0,1,0.875,0.825,0.775,0.35,0.125,0.1,0.05,0
123,0.5,0,1,0.65,0.425,0.3,0.25,0.175,0.15,0.075,0
124,0.5,0,1,0.65,0.6,0.375,0.325,0.275,0.15,0.1,0.025
125,0.5,0,1,0.95,0.575,0.35,0.225,0.175,0.15,0.075,0
126,0.5,0,1,0.95,0.575,0.35,0.225,0.175,0.125,0.1,0.025
127,0.5,0,1,0.8,0.425,0.375,0.325,0.275,0.15,0.075,0
128,0.5,0,1,0.65,0.425,0.35,0.225,0.15,0.075,0.025,0
129,0.5,0,1,0.8,0.425,0.3,0.225,0.2,0.15,0.075,0
130,0.5,0,1,0.65,0.575,0.35,0.225,0.175,0.1,0.025,0
131,0.5,0,1,0.875,0.525,0.3,0.225,0.175,0.1,0.05,0
132,0.5,0,1,0.95,0.725,0.325,0.275,0.15,0.1,0.05,0
133,0.5,0,1,0.875,0.825,0.775,0.55,0.125,0.1,0.05,0
134,0.5,0,1,0.8,0.675,0.625,0.575,0.2,0.15,0.1,0.025
135,0.5,0,1,0.65,0.525,0.3,0.225,0.175,0.15,0.1,0.025
136,0.5,0,1,0.8,0.425,0.3,0.225,0.175,0.15,0.1,0.025
137,0.5,0,1,0.8,0.75,0.35,0.225,0.175,0.15,0.075,0
138,0.5,0,1,0.95,0.725,0.6,0.2,0.125,0.075,0.05,0
139,0.5,0,1,0.8,0.675,0.625,0.55,0.125,0.1,0.05,0
140,0.5,0,1,0.95,0.9,0.7,0.325,0.25,0.15,0.025,0
141,0.5,0,1,0.8,0.675,0.625,0.225,0.2,0.125,0.05,0
142,0.5,0,1,0.8,0.75,0.35,0.3,0.175,0.15,0.1,0.025
143,0.5,0,1,0.65,0.425,0.35,0.225,0.175,0.1,0.05,0
144,0.5,0,1,0.875,0.825,0.6,0.55,0.15,0.075,0.05,0
145,0.5,0,1,0.975,0.85,0.65,0.25,0.2,0.15,0.1,0.025
146,0.5,0,1,0.65,0.575,0.5,0.275,0.225,0.1,0.05,0
147,0.5,0,1,0.95,0.75,0.35,0.325,0.2,0.15,0.075,0
148,0.5,0,1,0.65,0.575,0.35,0.3,0.175,0.15,0.075,0
149,0.5,0,1,0.8,0.425,0.3,0.225,0.125,0.1,0.05,0
150,0.5,0,1,0.8,0.775,0.7,0.325,0.2,0.15,0.1,0.025
151,0.5,0,1,0.8,0.675,0.3,0.225,0.2,0.15,0.075,0
152,0.5,0,1,0.875,0.825,0.775,0.575,0.175,0.1,0.05,0
153,0.5,0,1,0.8,0.75,0.35,0.325,0.275,0.2,0.05,0
154,0.5,0,1,0.8,0.75,0.675,0.25,0.125,0.1,0.05,0
155,0.5,0,1,0.8,0.425,0.35,0.25,0.125,0.075,0.025,0
156,0.5,0,1,0.875,0.675,0.65,0.575,0.2,0.15,0.075,0
157,0.5,0,1,0.65,0.425,0.375,0.3,0.175,0.125,0.1,0.025
158,0.5,0,1,0.8,0.75,0.675,0.625,0.225,0.1,0.025,0
159,0.5,0,1,0.8,0.75,0.375,0.25,0.175,0.15,0.075,0
160,0.5,0,1,0.8,0.425,0.375,0.325,0.2,0.125,0.05,0
161,0.5,0,1,0.8,0.675,0.625,0.575,0.175,0.125,0.05,0
162,0.5,0,1,0.95,0.75,0.35,0.325,0.275,0.15,0.1,0.025
163,0.5,0,1,0.65,0.425,0.375,0.325,0.275,0.15,0.1,0.025
164,0.5,0,1,0.65,0.425,0.35,0.275,0.2,0.075,0.025,0
165,0.5,0,1,0.8,0.425,0.3,0.25,0.175,0.125,0.1,0.025
166,0.5,0,1,0.8,0.425,0.3,0.225,0.15,0.1,0.05,0
167,0.5,0,1,0.8,0.75,0.625,0.575,0.525,0.15,0.075,0
168,0.5,0,1,0.95,0.75,0.625,0.225,0.2,0.15,0.075,0
169,0.5,0,1,0.95,0.9,0.7,0.325,0.2,0.15,0.1,0.025
170,0.5,0,1,0.8,0.775,0.65,0.25,0.2,0.125,0.05,0
171,0.5,0,1,0.875,0.675,0.3,0.225,0.175,0.15,0.075,0
172,0.5,0,1,0.95,0.75,0.7,0.55,0.125,0.1,0.05,0
173,0.5,0,1,0.95,0.75,0.7,0.325,0.275,0.15,0.1,0.025
174,0.5,0,1,0.8,0.75,0.35,0.3,0.175,0.15,0.1,0.025
175,0.5,0,1,0.8,0.75,0.6,0.2,0.125,0.075,0.05,0
176,0.5,0,1,0.8,0.75,0.35,0.275,0.2,0.075,0.025,0
177,0.5,0,1,0.95,0.75,0.625,0.225,0.175,0.15,0.075,0
178,0.5,0,1,0.65,0.525,0.3,0.225,0.2,0.15,0.075,0
179,0.5,0,1,0.65,0.6,0.375,0.3,0.175,0.15,0.075,0
180,0.5,0,1,0.8,0.675,0.65,0.25,0.2,0.15,0.1,0.025
181,0.5,0,1,0.8,0.775,0.375,0.25,0.2,0.15,0.1,0.025
182,0.5,0,1,0.95,0.75,0.625,0.575,0.175,0.15,0.1,0.025
183,0.5,0,1,0.8,0.425,0.375,0.325,0.275,0.15,0.075,0
184,0.5,0,1,0.8,0.75,0.35,0.225,0.175,0.15,0.1,0.025
185,0.5,0,1,0.65,0.575,0.35,0.3,0.275,0.15,0.1,0.025
186,0.5,0,1,0.975,0.775,0.375,0.25,0.2,0.15,0.1,0.025
187,0.5,0,1,0.8,0.425,0.375,0.3,0.175,0.15,0.075,0
188,0.5,0,1,0.95,0.75,0.625,0.25,0.175,0.15,0.075,0
189,0.5,0,1,0.65,0.575,0.35,0.225,0.2,0.15,0.075,0
190,0.5,0,1,0.875,0.675,0.3,0.25,0.2,0.15,0.1,0.025
191,0.5,0,1,0.8,0.425,0.375,0.325,0.25,0.175,0.05,0
192,0.5,0,1,0.65,0.425,0.375,0.3,0.25,0.225,0.1,0.025
193,0.5,0,1,0.8,0.75,0.35,0.325,0.2,0.15,0.1,0.025
194,0.5,0,1,0.8,0.425,0.35,0.3,0.275,0.2,0.05,0
195,0.5,0,1,0.95,0.75,0.7,0.625,0.2,0.175,0.125,0
196,0.5,0,1,0.8,0.75,0.625,0.575,0.2,0.15,0.1,0.025
197,0.5,0,1,0.65,0.425,0.35,0.225,0.2,0.125,0.05,0
198,0.5,0,1,0.8,0.75,0.625,0.225,0.15,0.1,0.05,0
199,0.5,0,1,0.95,0.825,0.625,0.575,0.175,0.125,0.1,0.025
200,0.5,0,1,0.8,0.425,0.3,0.225,0.175,0.125,0.1,0.025
201,0.5,0,1,0.875,0.525,0.3,0.225,0.125,0.075,0.05,0
202,0.5,0,1,0.8,0.425,0.35,0.225,0.2,0.125,0.05,0
203,0.5,0,1,0.95,0.75,0.7,0.3,0.275,0.15,0.1,0.025
204,0.5,0,1,0.95,0.75,0.375,0.25,0.175,0.15,0.075,0
205,0.5,0,1,0.8,0.425,0.35,0.225,0.175,0.1,0.05,0
206,0.5,0,1,0.875,0.525,0.475,0.25,0.175,0.15,0.1,0.025
207,0.5,0,1,0.8,0.675,0.65,0.25,0.2,0.15,0.075,0
208,0.5,0,1,0.8,0.675,0.3,0.225,0.125,0.075,0.05,0
209,0.5,0,1,0.95,0.75,0.35,0.325,0.275,0.2,0.125,0
210,0.5,0,1,0.875,0.675,0.3,0.225,0.2,0.15,0.075,0
211,0.5,0,1,0.65,0.425,0.35,0.325,0.2,0.15,0.1,0.025
212,0.5,0,1,0.8,0.425,0.35,0.275,0.225,0.175,0.125,0
213,0.5,0,1,0.95,0.725,0.325,0.2,0.125,0.1,0.05,0
214,0.5,0,1,0.875,0.675,0.3,0.25,0.2,0.125,0.05,0
215,0.5,0,1,0.65,0.425,0.35,0.275,0.2,0.075,0.025,0
216,0.5,0,1,0.65,0.425,0.35,0.275,0.15,0.1,0.05,0
217,0.5,0,1,0.95,0.9,0.55,0.325,0.2,0.125,0.05,0
218,0.5,0,1,0.8,0.775,0.7,0.65,0.525,0.475,0.05,0
219,0.5,0,1,0.8,0.75,0.35,0.225,0.2,0.15,0.075,0
220,0.5,0,1,0.8,0.425,0.375,0.3,0.15,0.1,0.05,0
221,0.5,0,1,0.95,0.75,0.35,0.3,0.175,0.125,0.05,0
222,0.5,0,1,0.8,0.675,0.3,0.25,0.175,0.1,0.05,0
223,0.5,0,1,0.8,0.425,0.3,0.225,0.175,0.15,0.1,0.025
224,0.5,0,1,0.8,0.425,0.375,0.3,0.175,0.1,0.025,0
225,0.5,0,1,0.95,0.75,0.625,0.25,0.175,0.1,0.05,0
226,0.5,0,1,0.95,0.75,0.7,0.65,0.2,0.15,0.025,0
227,0.5,0,1,0.875,0.525,0.45,0.225,0.175,0.15,0.1,0.025
228,0.5,0,1,0.65,0.575,0.325,0.2,0.125,0.1,0.05,0
229,0.5,0,1,0.8,0.75,0.35,0.3,0.175,0.1,0.05,0
230,0.5,0,1,0.65,0.425,0.35,0.2,0.15,0.1,0.05,0
231,0.5,0,1,0.8,0.675,0.3,0.225,0.2,0.15,0.075,0
232,0.5,0,1,0.65,0.575,0.35,0.225,0.175,0.15,0.1,0.025
233,0.5,0,1,0.8,0.425,0.35,0.225,0.15,0.075,0.05,0
234,0.5,0,1,0.95,0.6,0.475,0.25,0.2,0.125,0.1,0.025
235,0.5,0,1,0.8,0.425,0.35,0.225,0.2,0.15,0.075,0
236,0.5,0,1,0.95,0.75,0.35,0.325,0.25,0.1,0.05,0
237,0.5,0,1,0.8,0.75,0.375,0.3,0.275,0.15,0.1,0.025
238,0.5,0,1,0.65,0.525,0.3,0.25,0.175,0.15,0.075,0
239,0.5,0,1,0.95,0.725,0.675,0.55,0.125,0.075,0.025,0
240,0.5,0,1,0.95,0.875,0.675,0.55,0.125,0.1,0.05,0
241,0.5,0,1,0.65,0.425,0.3,0.25,0.175,0.15,0.075,0
242,0.5,0,1,0.8,0.425,0.375,0.325,0.275,0.2,0.05,0
243,0.5,0,1,0.8,0.425,0.35,0.225,0.15,0.075,0.05,0
244,0.5,0,1,0.65,0.525,0.3,0.225,0.175,0.125,0.1,0.025
245,0.5,0,1,0.8,0.425,0.35,0.3,0.175,0.125,0.1,0.025
246,0.5,0,1,0.95,0.75,0.7,0.3,0.175,0.1,0.025,0
247,0.5,0,1,0.8,0.425,0.35,0.3,0.275,0.15,0.075,0
248,0.5,0,1,0.95,0.825,0.625,0.225,0.175,0.125,0.1,0.025
249,0.5,0,1,0.65,0.425,0.35,0.225,0.2,0.15,0.1,0.025
250,0.5,0,1,0.8,0.425,0.35,0.225,0.2,0.15,0.075,0
251,0.5,0,1,0.875,0.675,0.625,0.225,0.175,0.1,0.025,0
252,0.5,0,1,0.975,0.775,0.375,0.25,0.175,0.1,0.05,0
253,0.5,0,1,0.65,0.425,0.375,0.3,0.275,0.15,0.075,0
254,0.5,0,1,0.95,0.575,0.35,0.225,0.175,0.15,0.1,0.025
255,0.5,0,1,0.65,0.425,0.35,0.225,0.2,0.15,0.1,0.025
256,0.5,0,1,0.875,0.675,0.3,0.225,0.175,0.15,0.075,0
257,0.5,0,1,0.8,0.425,0.3,0.225,0.2,0.15,0.1,0.025
258,0.5,0,1,0.95,0.75,0.35,0.225,0.2,0.15,0.1,0.025
259,0.5,0,1,0.65,0.425,0.3,0.225,0.125,0.075,0.025,0
260,0.5,0,1,0.975,0.775,0.7,0.325,0.25,0.175,0.05,0
261,0.5,0,1,0.8,0.75,0.375,0.25,0.175,0.15,0.1,0.025
262,0.5,0,1,0.95,0.75,0.7,0.3,0.175,0.15,0.075,0
263,0.5,0,1,0.875,0.825,0.775,0.55,0.5,0.075,0.025,0
264,0.5,0,1,0.95,0.575,0.35,0.225,0.2,0.15,0.1,0.025
265,0.5,0,1,0.875,0.825,0.625,0.225,0.175,0.15,0.075,0
266,0.5,0,1,0.65,0.525,0.3,0.225,0.2,0.15,0.075,0
267,0.5,0,1,0.65,0.425,0.35,0.25,0.225,0.1,0.05,0
268,0.5,0,1,0.8,0.675,0.3,0.25,0.2,0.125,0.05,0
269,0.5,0,1,0.65,0.575,0.35,0.325,0.2,0.15,0.075,0
270,0.5,0,1,0.8,0.775,0.7,0.325,0.2,0.15,0.1,0.025
271,0.5,0,1,0.65,0.425,0.35,0.3,0.175,0.15,0.1,0.025
272,0.5,0,1,0.8,0.425,0.375,0.3,0.2,0.15,0.025,0
273,0.5,0,1,0.8,0.75,0.7,0.575,0.175,0.15,0.075,0
274,0.5,0,1,0.65,0.425,0.35,0.325,0.2,0.15,0.1,0.025
275,0.5,0,1,0.8,0.425,0.3,0.225,0.175,0.125,0.1,0.025
276,0.5,0,1,0.95,0.9,0.7,0.575,0.2,0.125,0.05,0
277,0.5,0,1,0.8,0.75,0.35,0.225,0.15,0.1,0.05,0
278,0.5,0,1,0.8,0.425,0.35,0.225,0.15,0.075,0.05,0
279,0.5,0,1,0.875,0.525,0.3,0.225,0.2,0.15,0.075,0
280,0.5,0,1,0.875,0.675,0.3,0.225,0.175,0.1,0.025,0
281,0.5,0,1,0.65,0.575,0.35,0.325,0.2,0.15,0.075,0
282,0.5,0,1,0.8,0.75,0.35,0.225,0.175,0.15,0.075,0
283,0.5,0,1,0.8,0.675,0.3,0.225,0.2,0.15,0.1,0.025
284,0.5,0,1,0.8,0.75,0.35,0.3,0.175,0.15,0.075,0
285,0.5,0,1,0.8,0.425,0.3,0.25,0.2,0.15,0.075,0
286,0.5,0,1,0.8,0.75,0.625,0.575,0.125,0.1,0.05,0
287,0.5,0,1,0.65,0.425,0.35,0.3,0.275,0.2,0.05,0
288,0.5,0,1,0.8,0.75,0.7,0.575,0.175,0.15,0.075,0
289,0.5,0,1,0.8,0.425,0.375,0.325,0.275,0.15,0.1,0.025
290,0.5,0,1,0.8,0.425,0.35,0.225,0.175,0.125,0.1,0.025
291,0.5,0,1,0.875,0.675,0.625,0.225,0.15,0.1,0.05,0
292,0.5,0,1,0.65,0.425,0.375,0.325,0.275,0.15,0.1,0.025
293,0.5,0,1,0.8,0.425,0.375,0.325,0.275,0.15,0.1,0.025
294,0.5,0,1,0.8,0.75,0.625,0.25,0.2,0.15,0.075,0
295,0.5,0,1,0.8,0.425,0.3,0.25,0.175,0.125,0.1,0.025
296,0.5,0,1,0.8,0.75,0.675,0.275,0.15,0.1,0.05,0
297,0.5,0,1,0.65,0.525,0.3,0.25,0.2,0.125,0.05,0
298,0.5,0,1,0.95,0.6,0.475,0.4,0.15,0.075,0.05,0
299,0.5,0,1,0.975,0.775,0.375,0.25,0.2,0.15,0.075,0
300,0.5,0,1,0.8,0.425,0.375,0.325,0.275,0.2,0.125,0
301,0.5,0,1,0.65,0.425,0.375,0.325,0.275,0.15,0.1,0.025
302,0.5,0,1,0.65,0.425,0.35,0.3,0.275,0.15,0.075,0
303,0.5,0,1,0.8,0.75,0.35,0.325,0.2,0.15,0.1,0.025
304,0.5,0,1,0.65,0.425,0.35,0.225,0.175,0.15,0.075,0
305,0.5,0,1,0.65,0.525,0.3,0.225,0.2,0.15,0.1,0.025
306,0.5,0,1,0.65,0.425,0.3,0.225,0.175,0.15,0.1,0.025
307,0.5,0,1,0.65,0.425,0.375,0.25,0.2,0.15,0.075,0
308,0.5,0,1,0.8,0.75,0.725,0.65,0.6,0.225,0.1,0.025
309,0.5,0,1,0.875,0.675,0.3,0.25,0.2,0.15,0.1,0.025
310,0.5,0,1,0.95,0.8,0.425,0.2,0.125,0.075,0.05,0
311,0.5,0,1,0.65,0.6,0.475,0.25,0.2,0.125,0.05,0
312,0.5,0,1,0.65,0.425,0.35,0.225,0.2,0.15,0.075,0
313,0.5,0,1,0.8,0.75,0.625,0.25,0.175,0.15,0.075,0
314,0.5,0,1,0.95,0.575,0.35,0.225,0.2,0.15,0.1,0.025
315,0.5,0,1,0.8,0.675,0.625,0.225,0.15,0.075,0.05,0
316,0.5,0,1,0.8,0.425,0.375,0.25,0.175,0.15,0.075,0
317,0.5,0,1,0.65,0.425,0.3,0.25,0.175,0.1,0.05,0
318,0.5,0,1,0.8,0.425,0.375,0.25,0.175,0.1,0.05,0
319,0.5,0,1,0.65,0.575,0.35,0.225,0.2,0.125,0.05,0
320,0.5,0,1,0.875,0.525,0.3,0.225,0.2,0.15,0.075,0
321,0.5,0,1,0.8,0.425,0.3,0.25,0.2,0.125,0.05,0
322,0.5,0,1,0.8,0.425,0.375,0.25,0.175,0.125,0.1,0.025
323,0.5,0,1,0.65,0.425,0.375,0.325,0.275,0.15,0.1,0.025
324,0.5,0,1,0.975,0.775,0.375,0.25,0.2,0.125,0.05,0
325,0.5,0,1,0.8,0.75,0.625,0.575,0.525,0.15,0.1,0.025
326,0.5,0,1,0.8,0.675,0.625,0.25,0.175,0.1,0.05,0
327,0.5,0,1,0.8,0.75,0.625,0.225,0.15,0.1,0.05,0
328,0.5,0,1,0.8,0.425,0.35,0.325,0.275,0.15,0.1,0.025
329,0.5,0,1,0.8,0.675,0.625,0.225,0.175,0.15,0.1,0.025
330,0.5,0,1,0.95,0.75,0.35,0.225,0.175,0.15,0.1,0.025
331,0.5,0,1,0.95,0.925,0.725,0.675,0.6,0.225,0.1,0.025
332,0.5,0,1,0.95,0.75,0.35,0.225,0.175,0.15,0.1,0.025
333,0.5,0,1,0.8,0.425,0.3,0.25,0.2,0.125,0.05,0
334,0.5,0,1,0.8,0.425,0.375,0.325,0.275,0.15,0.075,0
335,0.5,0,1,0.8,0.75,0.325,0.2,0.15,0.075,0.025,0
336,0.5,0,1,0.8,0.775,0.65,0.25,0.2,0.15,0.1,0.025
337,0.5,0,1,0.975,0.925,0.5,0.275,0.225,0.175,0.05,0
338,0.5,0,1,0.8,0.75,0.325,0.2,0.125,0.1,0.05,0
339,0.5,0,1,0.8,0.675,0.3,0.25,0.2,0.125,0.05,0
340,0.5,0,1,0.95,0.75,0.35,0.225,0.2,0.125,0.05,0
341,0.5,0,1,0.875,0.525,0.3,0.225,0.2,0.15,0.1,0.025
342,0.5,0,1,0.8,0.425,0.3,0.225,0.2,0.125,0.05,0
343,0.5,0,1,0.8,0.425,0.35,0.325,0.275,0.2,0.125,0
344,0.5,0,1,0.8,0.425,0.35,0.25,0.225,0.1,0.05,0
345,0.5,0,1,0.95,0.9,0.775,0.4,0.375,0.15,0.1,0.025
346,0.5,0,1,0.8,0.675,0.65,0.25,0.2,0.15,0.1,0.025
347,0.5,0,1,0.975,0.85,0.65,0.575,0.525,0.15,0.075,0
348,0.5,0,1,0.8,0.425,0.375,0.3,0.225,0.075,0.025,0
349,0.5,0,1,0.8,0.425,0.35,0.275,0.15,0.075,0.05,0
350,0.5,0,1,0.975,0.9,0.7,0.325,0.275,0.2,0.05,0
351,0.5,0,1,0.875,0.675,0.3,0.25,0.175,0.1,0.05,0
352,0.5,0,1,0.65,0.425,0.35,0.275,0.125,0.075,0.05,0
353,0.5,0,1,0.65,0.525,0.475,0.4,0.35,0.275,0.225,0
354,0.5,0,1,0.8,0.75,0.375,0.25,0.175,0.125,0.1,0.025
355,0.5,0,1,0.95,0.75,0.35,0.225,0.175,0.15,0.1,0.025
356,0.5,0,1,0.65,0.425,0.3,0.225,0.2,0.15,0.1,0.025
357,0.5,0,1,0.8,0.75,0.325,0.25,0.125,0.1,0.05,0
358,0.5,0,1,0.8,0.75,0.35,0.225,0.15,0.1,0.05,0
359,0.5,0,1,0.95,0.55,0.325,0.2,0.125,0.1,0.05,0
360,0.5,0,1,0.8,0.775,0.375,0.325,0.2,0.125,0.05,0
361,0.5,0,1,0.95,0.725,0.325,0.2,0.125,0.075,0.05,0
362,0.5,0,1,0.875,0.675,0.3,0.25,0.2,0.15,0.1,0.025
363,0.5,0,1,0.875,0.675,0.3,0.225,0.2,0.15,0.1,0.025
364,0.5,0,1,0.8,0.75,0.675,0.55,0.15,0.075,0.05,0
365,0.5,0,1,0.975,0.775,0.7,0.325,0.275,0.15,0.1,0.025
366,0.5,0,1,0.8,0.675,0.3,0.225,0.175,0.1,0.05,0
367,0.5,0,1,0.8,0.425,0.3,0.225,0.15,0.1,0.05,0
368,0.5,0,1,0.8,0.675,0.3,0.25,0.2,0.15,0.075,0
369,0.5,0,1,0.65,0.425,0.3,0.225,0.2,0.15,0.075,0
370,0.5,0,1,0.8,0.75,0.7,0.65,0.275,0.15,0.1,0.025
371,0.5,0,1,0.8,0.75,0.35,0.3,0.175,0.15,0.075,0
372,0.5,0,1,0.8,0.425,0.375,0.25,0.2,0.15,0.075,0
373,0.5,0,1,0.8,0.425,0.375,0.25,0.2,0.15,0.1,0.025
374,0.5,0,1,0.8,0.425,0.35,0.325,0.2,0.15,0.1,0.025
375,0.5,0,1,0.95,0.75,0.7,0.65,0.25,0.225,0.1,0.025
376,0.5,0,1,0.95,0.75,0.35,0.275,0.2,0.075,0.05,0
377,0.5,0,1,0.65,0.425,0.375,0.3,0.225,0.15,0.125,0
378,0.5,0,1,0.8,0.425,0.35,0.225,0.2,0.15,0.075,0
379,0.5,0,1,0.875,0.825,0.8,0.6,0.525,0.15,0.075,0
380,0.5,0,1,0.875,0.675,0.625,0.2,0.15,0.1,0.05,0
381,0.5,0,1,0.8,0.75,0.7,0.3,0.225,0.175,0.05,0
382,0.5,0,1,0.8,0.75,0.35,0.325,0.275,0.225,0.1,0.025
383,0.5,0,1,0.95,0.75,0.625,0.575,0.125,0.1,0.05,0
384,0.5,0,1,0.8,0.675,0.3,0.225,0.125,0.1,0.05,0
385,0.5,0,1,0.95,0.75,0.35,0.225,0.175,0.15,0.075,0
386,0.5,0,1,0.65,0.6,0.525,0.3,0.175,0.125,0.1,0.025
387,0.5,0,1,0.8,0.775,0.65,0.6,0.525,0.1,0.05,0
388,0.5,0,1,0.8,0.75,0.7,0.3,0.275,0.225,0.1,0.025
389,0.5,0,1,0.8,0.675,0.3,0.225,0.175,0.15,0.1,0.025
390,0.5,0,1,0.65,0.425,0.375,0.3,0.175,0.15,0.075,0
391,0.5,0,1,0.8,0.675,0.3,0.25,0.2,0.125,0.05,0
392,0.5,0,1,0.975,0.9,0.7,0.325,0.2,0.125,0.05,0
393,0.5,0,1,0.8,0.75,0.7,0.55,0.125,0.1,0.05,0
394,0.5,0,1,0.8,0.425,0.35,0.225,0.2,0.15,0.075,0
395,0.5,0,1,0.65,0.425,0.3,0.225,0.125,0.075,0.05,0
396,0.5,0,1,0.95,0.75,0.7,0.325,0.2,0.15,0.1,0.025
397,0.5,0,1,0.8,0.425,0.35,0.225,0.15,0.075,0.025,0
398,0.5,0,1,0.875,0.525,0.3,0.225,0.2,0.125,0.05,0
399,0.5,0,1,0.95,0.725,0.675,0.25,0.2,0.075,0.05,0
400,0.5,0,1,0.8,0.425,0.35,0.225,0.2,0.15,0.1,0.025
401,0.5,0,1,0.95,0.8,0.75,0.35,0.325,0.1,0.05,0
402,0.5,0,1,0.975,0.775,0.375,0.325,0.2,0.15,0.1,0.025
403,0.5,0,1,0.8,0.675,0.65,0.25,0.2,0.15,0.075,0
404,0.5,0,1,0.8,0.425,0.35,0.225,0.15,0.075,0.05,0
405,0.5,0,1,0.8,0.675,0.3,0.25,0.175,0.1,0.05,0
406,0.5,0,1,0.8,0.425,0.35,0.325,0.275,0.2,0.05,0
407,0.5,0,1,0.65,0.425,0.375,0.3,0.175,0.15,0.1,0.025
408,0.5,0,1,0.8,0.425,0.35,0.225,0.15,0.075,0.025,0
409,0.5,0,1,0.8,0.75,0.7,0.65,0.525,0.125,0.1,0.025
410,0.5,0,1,0.8,0.75,0.625,0.225,0.15,0.075,0.05,0
411,0.5,0,1,0.65,0.6,0.375,0.25,0.2,0.15,0.1,0.025
412,0.5,0,1,0.8,0.425,0.35,0.225,0.2,0.15,0.1,0.025
413,0.5,0,1,0.65,0.575,0.35,0.325,0.275,0.15,0.075,0
414,0.5,0,1,0.65,0.425,0.3,0.225,0.175,0.125,0.1,0.025
415,0.5,0,1,0.8,0.425,0.375,0.3,0.175,0.1,0.05,0
416,0.5,0,1,0.8,0.425,0.3,0.225,0.15,0.1,0.05,0
417,0.5,0,1,0.95,0.575,0.45,0.225,0.175,0.1,0.025,0
418,0.5,0,1,0.8,0.425,0.35,0.275,0.125,0.075,0.025,0
419,0.5,0,1,0.65,0.425,0.375,0.325,0.2,0.15,0.1,0.025
420,0.5,0,1,0.95,0.75,0.375,0.3,0.275,0.15,0.1,0.025
421,0.5,0,1,0.875,0.675,0.3,0.25,0.2,0.15,0.1,0.025
422,0.5,0,1,0.8,0.425,0.375,0.325,0.2,0.15,0.075,0
423,0.5,0,1,0.95,0.9,0.775,0.575,0.175,0.125,0.05,0
424,0.5,0,1,0.8,0.425,0.375,0.325,0.275,0.15,0.075,0
425,0.5,0,1,0.95,0.75,0.625,0.25,0.175,0.125,0.05,0
426,0.5,0,1,0.95,0.575,0.35,0.275,0.225,0.1,0.05,0
427,0.5,0,1,0.65,0.425,0.35,0.3,0.25,0.125,0.1,0.025
428,0.5,0,1,0.8,0.425,0.35,0.325,0.25,0.175,0.05,0
429,0.5,0,1,0.8,0.425,0.35,0.3,0.175,0.15,0.075,0
430,0.5,0,1,0.65,0.425,0.375,0.325,0.275,0.15,0.1,0.025
431,0.5,0,1,0.8,0.425,0.3,0.225,0.2,0.15,0.1,0.025
432,0.5,0,1,0.65,0.425,0.375,0.3,0.225,0.175,0.125,0
433,0.5,0,1,0.975,0.775,0.375,0.325,0.275,0.2,0.125,0
434,0.5,0,1,0.65,0.425,0.35,0.325,0.275,0.15,0.075,0
435,0.5,0,1,0.8,0.675,0.625,0.25,0.175,0.1,0.025,0
436,0.5,0,1,0.65,0.425,0.375,0.25,0.175,0.1,0.05,0
437,0.5,0,1,0.875,0.675,0.3,0.225,0.15,0.075,0.05,0
438,0.5,0,1,0.65,0.575,0.35,0.325,0.2,0.125,0.05,0
439,0.5,0,1,0.8,0.425,0.3,0.225,0.2,0.125,0.05,0
440,0.5,0,1,0.875,0.675,0.3,0.25,0.2,0.15,0.075,0
441,0.5,0,1,0.8,0.75,0.7,0.275,0.2,0.075,0.05,0
442,0.5,0,1,0.95,0.75,0.7,0.3,0.25,0.125,0.1,0.025
443,0.5,0,1,0.65,0.575,0.35,0.225,0.175,0.15,0.075,0
444,0.5,0,1,0.8,0.675,0.625,0.225,0.2,0.125,0.05,0
445,0.5,0,1,0.8,0.425,0.35,0.325,0.275,0.2,0.05,0
446,0.5,0,1,0.8,0.675,0.625,0.575,0.175,0.15,0.075,0
447,0.5,0,1,0.8,0.75,0.625,0.6,0.2,0.15,0.075,0
448,0.5,0,1,0.95,0.9,0.475,0.25,0.2,0.175,0.125,0
449,0.5,0,1,0.8,0.75,0.35,0.3,0.25,0.125,0.1,0.025
450,0.5,0,1,0.8,0.75,0.35,0.225,0.2,0.125,0.05,0
451,0.5,0,1,0.975,0.6,0.475,0.25,0.2,0.15,0.1,0.025
452,0.5,0,1,0.95,0.55,0.325,0.275,0.225,0.1,0.05,0
453,0.5,0,1,0.8,0.75,0.725,0.65,0.525,0.15,0.075,0
454,0.5,0,1,0.8,0.425,0.35,0.325,0.25,0.175,0.05,0
455,0.5,0,1,0.8,0.775,0.375,0.3,0.15,0.1,0.05,0
456,0.5,0,1,0.875,0.675,0.65,0.25,0.2,0.15,0.1,0.025
457,0.5,0,1,0.875,0.675,0.3,0.25,0.175,0.125,0.05,0
458,0.5,0,1,0.8,0.425,0.375,0.25,0.175,0.1,0.025,0
459,0.5,0,1,0.875,0.675,0.3,0.25,0.175,0.075,0.05,0
460,0.5,0,1,0.8,0.675,0.3,0.25,0.2,0.15,0.1,0.025
461,0.5,0,1,0.8,0.425,0.35,0.3,0.175,0.15,0.075,0
462,0.5,0,1,0.65,0.425,0.3,0.25,0.2,0.15,0.075,0
463,0.5,0,1,0.65,0.425,0.3,0.25,0.2,0.15,0.075,0
464,0.5,0,1,0.8,0.75,0.35,0.225,0.175,0.1,0.05,0
465,0.5,0,1,0.95,0.75,0.35,0.225,0.2,0.15,0.075,0
466,0.5,0,1,0.975,0.9,0.7,0.325,0.25,0.175,0.05,0
467,0.5,0,1,0.95,0.6,0.375,0.25,0.2,0.15,0.1,0.025
468,0.5,0,1,0.95,0.75,0.7,0.575,0.525,0.125,0.05,0
469,0.5,0,1,0.95,0.9,0.7,0.575,0.525,0.475,0.1,0.025
470,0.5,0,1,0.8,0.425,0.35,0.225,0.2,0.125,0.05,0
471,0.5,0,1,0.8,0.75,0.35,0.275,0.125,0.1,0.05,0
472,0.5,0,1,0.95,0.725,0.675,0.55,0.125,0.1,0.05,0
473,0.5,0,1,0.8,0.675,0.3,0.225,0.15,0.1,0.05,0
474,0.5,0,1,0.875,0.675,0.625,0.575,0.175,0.15,0.1,0.025
475,0.5,0,1,0.65,0.425,0.3,0.25,0.2,0.15,0.075,0
476,0.5,0,1,0.8,0.425,0.35,0.225,0.15,0.1,0.05,0
477,0.5,0,1,0.8,0.75,0.625,0.225,0.2,0.15,0.1,0.025
478,0.5,0,1,0.8,0.675,0.625,0.55,0.125,0.1,0.05,0
479,0.5,0,1,0.8,0.425,0.375,0.325,0.2,0.15,0.1,0.025
480,0.5,0,1,0.8,0.675,0.3,0.225,0.175,0.125,0.05,0
481,0.5,0,1,0.975,0.6,0.375,0.25,0.2,0.15,0.1,0.025
482,0.5,0,1,0.875,0.675,0.625,0.225,0.15,0.075,0.05,0
483,0.5,0,1,0.875,0.825,0.625,0.225,0.175,0.15,0.1,0.025
484,0.5,0,1,0.65,0.575,0.35,0.3,0.225,0.175,0.05,0
485,0.5,0,1,0.95,0.6,0.375,0.325,0.2,0.15,0.1,0.025
486,0.5,0,1,0.8,0.425,0.3,0.25,0.2,0.15,0.1,0.025
487,0.5,0,1,0.8,0.425,0.375,0.325,0.275,0.2,0.05,0
488,0.5,0,1,0.65,0.575,0.35,0.3,0.175,0.1,0.025,0
489,0.5,0,1,0.8,0.425,0.35,0.325,0.25,0.1,0.05,0
490,0.5,0,1,0.95,0.575,0.45,0.225,0.2,0.15,0.1,0.025
491,0.5,0,1,0.975,0.9,0.85,0.625,0.225,0.175,0.125,0
492,0.5,0,1,0.8,0.425,0.375,0.325,0.2,0.15,0.1,0.025
493,0.5,0,1,0.8,0.425,0.35,0.3,0.25,0.125,0.05,0
494,0.5,0,1,0.8,0.675,0.3,0.25,0.175,0.15,0.075,0
495,0.5,0,1,0.975,0.925,0.55,0.325,0.2,0.125,0.05,0
496,0.5,0,1,0.65,0.425,0.3,0.225,0.15,0.1,0.05,0
497,0.5,0,1,0.8,0.425,0.35,0.325,0.25,0.1,0.05,0
498,0.5,0,1,0.8,0.425,0.3,0.225,0.2,0.15,0.075,0
499,0.5,0,1,0.65,0.425,0.35,0.225,0.15,0.075,0.05,0
500,0.5,0,1,0.95,0.75,0.7,0.3,0.275,0.15,0.075,0
1,0.5,0.25,1,0.95,0.85,0.65,0.325,0.275,0.225,0.125,0
2,0.5,0.25,1,0.975,0.775,0.675,0.625,0.575,0.175,0.125,0
3,0.5,0.25,1,0.925,0.7,0.3,0.2,0.125,0.075,0.025,0
4,0.5,0.25,1,0.975,0.875,0.725,0.7,0.325,0.275,0.05,0
5,0.5,0.25,1,0.8,0.675,0.325,0.225,0.175,0.1,0.05,0
6,0.5,0.25,1,0.9,0.725,0.3,0.25,0.2,0.15,0.05,0
7,0.5,0.25,1,0.975,0.725,0.475,0.35,0.225,0.175,0.125,0
8,0.5,0.25,1,0.95,0.7,0.425,0.3,0.175,0.15,0.1,0
9,0.5,0.25,1,0.85,0.475,0.425,0.375,0.275,0.15,0.05,0
10,0.5,0.25,1,0.85,0.775,0.475,0.35,0.175,0.1,0.05,0
11,0.5,0.25,1,0.825,0.8,0.725,0.35,0.275,0.1,0.05,0
12,0.5,0.25,1,0.825,0.475,0.425,0.325,0.3,0.175,0.05,0
13,0.5,0.25,1,0.95,0.75,0.4,0.35,0.325,0.175,0.05,0
14,0.5,0.25,1,0.95,0.775,0.75,0.4,0.275,0.225,0.125,0
15,0.5,0.25,1,0.8,0.675,0.325,0.225,0.175,0.125,0.1,0
16,0.5,0.25,1,0.75,0.55,0.475,0.35,0.2,0.1,0.05,0
17,0.5,0.25,1,0.8,0.475,0.425,0.3,0.225,0.1,0.05,0
18,0.5,0.25,1,0.725,0.475,0.375,0.325,0.2,0.15,0.025,0
19,0.5,0.25,1,0.975,0.775,0.65,0.3,0.2,0.15,0.05,0
20,0.5,0.25,1,0.75,0.575,0.375,0.35,0.2,0.15,0.1,0
21,0.5,0.25,1,0.75,0.675,0.625,0.45,0.225,0.125,0.075,0
22,0.5,0.25,1,0.8,0.75,0.725,0.6,0.3,0.1,0.05,0
23,0.5,0.25,1,0.65,0.45,0.3,0.25,0.2,0.15,0.1,0
24,0.5,0.25,1,0.975,0.575,0.35,0.325,0.2,0.15,0.1,0
25,0.5,0.25,1,0.825,0.8,0.45,0.4,0.275,0.15,0.05,0
26,0.5,0.25,1,0.8,0.775,0.7,0.65,0.275,0.175,0.05,0
27,0.5,0.25,1,0.8,0.475,0.45,0.325,0.2,0.15,0.1,0
28,0.5,0.25,1,0.725,0.625,0.4,0.25,0.2,0.075,0.05,0
29,0.5,0.25,1,0.675,0.45,0.375,0.225,0.2,0.15,0.05,0
30,0.5,0.25,1,0.95,0.8,0.425,0.3,0.225,0.175,0.05,0
31,0.5,0.25,1,0.975,0.775,0.65,0.275,0.225,0.1,0.05,0
32,0.5,0.25,1,0.8,0.475,0.35,0.25,0.2,0.075,0.05,0
33,0.5,0.25,1,0.75,0.525,0.375,0.325,0.275,0.15,0.05,0
34,0.5,0.25,1,0.975,0.625,0.55,0.325,0.2,0.15,0.05,0
35,0.5,0.25,1,0.825,0.8,0.425,0.35,0.225,0.175,0.05,0
36,0.5,0.25,1,0.875,0.8,0.375,0.25,0.225,0.1,0.05,0
37,0.5,0.25,1,0.8,0.75,0.725,0.35,0.2,0.15,0.1,0
38,0.5,0.25,1,0.95,0.775,0.675,0.325,0.275,0.175,0.125,0
39,0.5,0.25,1,0.95,0.775,0.65,0.275,0.225,0.175,0.125,0
40,0.5,0.25,1,0.975,0.6,0.35,0.325,0.2,0.15,0.05,0
41,0.5,0.25,1,0.9,0.675,0.375,0.325,0.275,0.15,0.05,0
42,0.5,0.25,1,0.8,0.775,0.7,0.35,0.225,0.1,0.05,0
43,0.5,0.25,1,0.825,0.525,0.35,0.3,0.225,0.125,0.05,0
44,0.5,0.25,1,0.675,0.475,0.425,0.375,0.225,0.15,0.05,0
45,0.5,0.25,1,0.825,0.7,0.375,0.25,0.2,0.15,0.1,0
46,0.5,0.25,1,0.85,0.825,0.45,0.4,0.275,0.125,0.05,0
47,0.5,0.25,1,0.75,0.7,0.45,0.375,0.325,0.225,0.05,0
48,0.5,0.25,1,0.75,0.575,0.425,0.275,0.2,0.1,0.05,0
49,0.5,0.25,1,0.725,0.65,0.475,0.3,0.125,0.075,0.025,0
50,0.5,0.25,1,0.825,0.8,0.75,0.325,0.2,0.1,0.05,0
51,0.5,0.25,1,0.825,0.475,0.35,0.225,0.2,0.15,0.05,0
52,0.5,0.25,1,0.825,0.5,0.45,0.325,0.2,0.15,0.1,0
53,0.5,0.25,1,0.675,0.475,0.375,0.325,0.3,0.15,0.1,0
54,0.5,0.25,1,0.85,0.8,0.45,0.35,0.275,0.175,0.05,0
55,0.5,0.25,1,0.75,0.525,0.375,0.325,0.275,0.15,0.05,0
56,0.5,0.25,1,0.8,0.775,0.725,0.6,0.2,0.15,0.05,0
57,0.5,0.25,1,0.975,0.925,0.725,0.275,0.225,0.175,0.125,0
58,0.5,0.25,1,0.975,0.9,0.725,0.25,0.225,0.175,0.125,0
59,0.5,0.25,1,0.8,0.75,0.4,0.275,0.225,0.175,0.05,0
60,0.5,0.25,1,0.975,0.65,0.425,0.375,0.275,0.225,0.05,0
61,0.5,0.25,1,0.7,0.65,0.625,0.475,0.3,0.25,0.1,0
62,0.5,0.25,1,0.75,0.625,0.4,0.25,0.2,0.15,0.125,0
63,0.5,0.25,1,0.95,0.7,0.675,0.325,0.225,0.1,0.05,0
64,0.5,0.25,1,0.8,0.45,0.4,0.35,0.2,0.15,0.05,0
65,0.5,0.25,1,0.8,0.7,0.325,0.225,0.125,0.1,0.05,0
66,0.5,0.25,1,0.65,0.575,0.4,0.35,0.175,0.15,0.1,0
67,0.5,0.25,1,0.975,0.8,0.375,0.325,0.275,0.25,0.125,0
68,0.5,0.25,1,0.825,0.8,0.475,0.35,0.225,0.1,0.05,0
69,0.5,0.25,1,0.725,0.625,0.425,0.3,0.2,0.1,0.05,0
70,0.5,0.25,1,0.8,0.75,0.7,0.375,0.25,0.125,0.05,0
71,0.5,0.25,1,0.85,0.45,0.4,0.35,0.3,0.175,0.1,0
72,0.5,0.25,1,0.875,0.475,0.425,0.3,0.225,0.175,0.125,0
73,0.5,0.25,1,0.7,0.65,0.6,0.525,0.275,0.225,0.175,0
74,0.5,0.25,1,0.825,0.45,0.4,0.25,0.125,0.075,0.05,0
75,0.5,0.25,1,0.7,0.5,0.4,0.25,0.2,0.15,0.1,0
76,0.5,0.25,1,0.825,0.5,0.4,0.3,0.15,0.1,0.05,0
77,0.5,0.25,1,0.925,0.775,0.725,0.675,0.25,0.125,0.075,0
78,0.5,0.25,1,0.825,0.45,0.35,0.275,0.225,0.175,0.125,0
79,0.5,0.25,1,0.8,0.45,0.375,0.35,0.225,0.175,0.125,0
80,0.5,0.25,1,0.975,0.95,0.875,0.825,0.65,0.275,0.225,0
81,0.5,0.25,1,0.925,0.7,0.375,0.225,0.175,0.125,0.1,0
82,0.5,0.25,1,0.875,0.85,0.375,0.25,0.2,0.15,0.05,0
83,0.5,0.25,1,0.9,0.6,0.35,0.25,0.2,0.15,0.05,0
84,0.5,0.25,1,0.7,0.5,0.45,0.325,0.275,0.15,0.1,0
85,0.5,0.25,1,0.825,0.775,0.45,0.3,0.225,0.175,0.125,0
86,0.5,0.25,1,0.7,0.525,0.425,0.225,0.125,0.075,0.025,0
87,0.5,0.25,1,0.95,0.775,0.4,0.275,0.225,0.175,0.05,0
88,0.5,0.25,1,0.85,0.475,0.325,0.225,0.175,0.125,0.1,0
89,0.5,0.25,1,0.85,0.8,0.45,0.3,0.25,0.1,0.05,0
90,0.5,0.25,1,0.825,0.8,0.7,0.6,0.225,0.175,0.05,0
91,0.5,0.25,1,0.925,0.625,0.4,0.35,0.25,0.125,0.075,0
92,0.5,0.25,1,0.725,0.6,0.5,0.3,0.2,0.15,0.05,0
93,0.5,0.25,1,0.825,0.775,0.725,0.325,0.25,0.125,0.025,0
94,0.5,0.25,1,0.675,0.45,0.375,0.275,0.15,0.1,0.05,0
95,0.5,0.25,1,0.75,0.45,0.4,0.35,0.3,0.25,0.1,0
96,0.5,0.25,1,0.675,0.575,0.4,0.275,0.125,0.1,0.05,0
97,0.5,0.25,1,0.85,0.5,0.425,0.3,0.2,0.15,0.1,0
98,0.5,0.25,1,0.65,0.45,0.375,0.225,0.175,0.15,0.1,0
99,0.5,0.25,1,0.8,0.775,0.65,0.3,0.2,0.15,0.05,0
100,0.5,0.25,1,0.725,0.5,0.425,0.325,0.275,0.15,0.05,0
101,0.5,0.25,1,0.825,0.525,0.425,0.3,0.175,0.1,0.05,0
102,0.5,0.25,1,0.825,0.425,0.375,0.3,0.175,0.15,0.1,0
103,0.5,0.25,1,0.825,0.775,0.65,0.625,0.225,0.175,0.05,0
104,0.5,0.25,1,0.8,0.675,0.65,0.275,0.225,0.175,0.05,0
105,0.5,0.25,1,0.9,0.75,0.675,0.3,0.15,0.1,0.05,0
106,0.5,0.25,1,0.8,0.775,0.675,0.275,0.225,0.15,0.1,0
107,0.5,0.25,1,0.725,0.475,0.35,0.3,0.275,0.175,0.05,0
108,0.5,0.25,1,0.7,0.625,0.375,0.325,0.275,0.125,0.025,0
109,0.5,0.25,1,0.825,0.475,0.425,0.325,0.3,0.25,0.1,0
110,0.5,0.25,1,0.725,0.7,0.425,0.325,0.275,0.125,0.05,0
111,0.5,0.25,1,0.85,0.8,0.725,0.675,0.225,0.2,0.05,0
112,0.5,0.25,1,0.8,0.525,0.475,0.325,0.275,0.15,0.05,0
113,0.5,0.25,1,0.75,0.575,0.45,0.325,0.275,0.1,0.05,0
114,0.5,0.25,1,0.975,0.775,0.7,0.35,0.3,0.175,0.05,0
115,0.5,0.25,1,0.95,0.6,0.375,0.3,0.175,0.075,0.05,0
116,0.5,0.25,1,0.8,0.45,0.4,0.35,0.3,0.225,0.15,0
117,0.5,0.25,1,0.675,0.5,0.375,0.325,0.3,0.25,0.125,0
118,0.5,0.25,1,0.725,0.675,0.4,0.325,0.2,0.1,0.05,0
119,0.5,0.25,1,0.85,0.775,0.725,0.35,0.2,0.075,0.05,0
120,0.5,0.25,1,0.675,0.6,0.4,0.35,0.2,0.1,0.05,0
121,0.5,0.25,1,0.8,0.675,0.35,0.3,0.225,0.1,0.05,0
122,0.5,0.25,1,0.825,0.775,0.375,0.225,0.175,0.15,0.1,0
123,0.5,0.25,1,0.8,0.725,0.7,0.325,0.25,0.2,0.05,0
124,0.5,0.25,1,0.8,0.45,0.325,0.225,0.125,0.075,0.025,0
125,0.5,0.25,1,0.975,0.775,0.675,0.325,0.275,0.175,0.125,0
126,0.5,0.25,1,0.85,0.525,0.425,0.375,0.25,0.2,0.05,0
127,0.5,0.25,1,0.8,0.475,0.425,0.3,0.2,0.075,0.05,0
128,0.5,0.25,1,0.825,0.75,0.4,0.3,0.25,0.175,0.05,0
129,0.5,0.25,1,0.8,0.775,0.375,0.275,0.25,0.1,0.05,0
130,0.5,0.25,1,0.7,0.475,0.425,0.3,0.175,0.15,0.05,0
131,0.5,0.25,1,0.925,0.7,0.35,0.225,0.175,0.15,0.05,0
132,0.5,0.25,1,0.675,0.475,0.35,0.225,0.175,0.15,0.05,0
133,0.5,0.25,1,0.675,0.5,0.375,0.325,0.175,0.15,0.1,0
134,0.5,0.25,1,0.975,0.925,0.725,0.35,0.225,0.175,0.125,0
135,0.5,0.25,1,0.85,0.8,0.475,0.35,0.3,0.15,0.1,0
136,0.5,0.25,1,0.675,0.45,0.375,0.225,0.125,0.075,0.05,0
137,0.5,0.25,1,0.825,0.8,0.725,0.4,0.35,0.225,0.05,0
138,0.5,0.25,1,0.825,0.775,0.725,0.4,0.25,0.175,0.05,0
139,0.5,0.25,1,0.85,0.825,0.775,0.325,0.2,0.075,0.05,0
140,0.5,0.25,1,0.95,0.6,0.425,0.325,0.2,0.1,0.05,0
141,0.5,0.25,1,0.825,0.775,0.65,0.6,0.525,0.1,0.05,0
142,0.5,0.25,1,0.9,0.875,0.7,0.625,0.575,0.5,0.05,0
143,0.5,0.25,1,0.825,0.8,0.725,0.65,0.2,0.1,0.05,0
144,0.5,0.25,1,0.925,0.7,0.325,0.25,0.175,0.1,0.05,0
145,0.5,0.25,1,0.925,0.85,0.65,0.225,0.125,0.1,0.05,0
146,0.5,0.25,1,0.825,0.775,0.475,0.35,0.225,0.175,0.05,0
147,0.5,0.25,1,0.825,0.45,0.325,0.25,0.2,0.1,0.05,0
148,0.5,0.25,1,0.725,0.6,0.425,0.4,0.25,0.1,0.05,0
149,0.5,0.25,1,0.85,0.525,0.375,0.225,0.125,0.075,0.05,0
150,0.5,0.25,1,0.9,0.575,0.35,0.3,0.25,0.125,0.025,0
151,0.5,0.25,1,0.9,0.7,0.325,0.225,0.125,0.075,0.025,0
152,0.5,0.25,1,0.675,0.575,0.35,0.225,0.175,0.15,0.05,0
153,0.5,0.25,1,0.8,0.75,0.625,0.25,0.2,0.15,0.1,0
154,0.5,0.25,1,0.825,0.7,0.625,0.3,0.15,0.1,0.05,0
155,0.5,0.25,1,0.975,0.9,0.7,0.25,0.2,0.1,0.05,0
156,0.5,0.25,1,0.825,0.8,0.4,0.35,0.25,0.1,0.05,0
157,0.5,0.25,1,0.975,0.775,0.4,0.35,0.275,0.15,0.1,0
158,0.5,0.25,1,0.95,0.775,0.45,0.3,0.275,0.15,0.1,0
159,0.5,0.25,1,0.8,0.475,0.4,0.275,0.225,0.1,0.05,0
160,0.5,0.25,1,0.825,0.8,0.4,0.325,0.2,0.15,0.05,0
161,0.5,0.25,1,0.725,0.65,0.425,0.275,0.2,0.15,0.1,0
162,0.5,0.25,1,0.825,0.425,0.325,0.25,0.125,0.075,0.05,0
163,0.5,0.25,1,0.975,0.875,0.85,0.675,0.225,0.175,0.05,0
164,0.5,0.25,1,0.825,0.45,0.4,0.325,0.2,0.175,0.05,0
165,0.5,0.25,1,0.675,0.45,0.375,0.25,0.15,0.1,0.05,0
166,0.5,0.25,1,0.95,0.75,0.375,0.325,0.275,0.1,0.05,0
167,0.5,0.25,1,0.7,0.65,0.475,0.3,0.25,0.125,0.1,0
168,0.5,0.25,1,0.7,0.575,0.4,0.3,0.25,0.075,0.05,0
169,0.5,0.25,1,0.675,0.6,0.45,0.225,0.175,0.15,0.05,0
170,0.5,0.25,1,0.925,0.625,0.4,0.35,0.25,0.2,0.05,0
171,0.5,0.25,1,0.825,0.8,0.45,0.4,0.275,0.15,0.05,0
172,0.5,0.25,1,0.675,0.65,0.425,0.3,0.25,0.15,0.05,0
173,0.5,0.25,1,0.8,0.675,0.35,0.225,0.2,0.15,0.05,0
174,0.5,0.25,1,0.825,0.5,0.45,0.325,0.275,0.175,0.05,0
175,0.5,0.25,1,0.85,0.5,0.375,0.325,0.275,0.15,0.05,0
176,0.5,0.25,1,0.8,0.45,0.325,0.275,0.225,0.175,0.05,0
177,0.5,0.25,1,0.8,0.475,0.375,0.275,0.225,0.1,0.05,0
178,0.5,0.25,1,0.85,0.825,0.775,0.7,0.575,0.1,0.05,0
179,0.5,0.25,1,0.825,0.7,0.65,0.6,0.2,0.15,0.1,0
180,0.5,0.25,1,0.85,0.725,0.675,0.275,0.225,0.175,0.125,0
181,0.5,0.25,1,0.975,0.675,0.4,0.325,0.25,0.1,0.05,0
182,0.5,0.25,1,0.825,0.8,0.75,0.7,0.3,0.175,0.1,0
183,0.5,0.25,1,0.825,0.7,0.35,0.25,0.2,0.1,0.05,0
184,0.5,0.25,1,0.675,0.6,0.425,0.325,0.175,0.125,0.05,0
185,0.5,0.25,1,0.95,0.825,0.725,0.325,0.275,0.125,0.05,0
186,0.5,0.25,1,0.7,0.6,0.35,0.3,0.175,0.125,0.1,0
187,0.5,0.25,1,0.825,0.475,0.35,0.225,0.125,0.075,0.025,0
188,0.5,0.25,1,0.7,0.525,0.4,0.325,0.15,0.1,0.05,0
189,0.5,0.25,1,0.95,0.75,0.7,0.375,0.275,0.25,0.125,0
190,0.5,0.25,1,0.975,0.65,0.375,0.25,0.2,0.15,0.1,0
191,0.5,0.25,1,0.8,0.75,0.725,0.375,0.275,0.15,0.05,0
192,0.5,0.25,1,0.825,0.8,0.425,0.375,0.225,0.1,0.05,0
193,0.5,0.25,1,0.975,0.625,0.45,0.375,0.2,0.1,0.05,0
194,0.5,0.25,1,0.7,0.5,0.4,0.375,0.2,0.15,0.1,0
195,0.5,0.25,1,0.675,0.5,0.35,0.225,0.175,0.15,0.05,0
196,0.5,0.25,1,0.975,0.775,0.35,0.325,0.2,0.1,0.05,0
197,0.5,0.25,1,0.825,0.7,0.675,0.275,0.225,0.15,0.1,0
198,0.5,0.25,1,0.825,0.475,0.4,0.275,0.2,0.15,0.05,0
199,0.5,0.25,1,0.825,0.775,0.7,0.275,0.175,0.075,0.05,0
200,0.5,0.25,1,0.975,0.8,0.725,0.675,0.25,0.2,0.15,0
201,0.5,0.25,1,0.85,0.475,0.425,0.3,0.175,0.15,0.05,0
202,0.5,0.25,1,0.825,0.5,0.375,0.25,0.15,0.1,0.05,0
203,0.5,0.25,1,0.8,0.75,0.725,0.6,0.25,0.1,0.05,0
204,0.5,0.25,1,0.9,0.65,0.625,0.45,0.2,0.15,0.1,0
205,0.5,0.25,1,0.8,0.725,0.7,0.575,0.175,0.1,0.05,0
206,0.5,0.25,1,0.825,0.5,0.4,0.35,0.2,0.1,0.05,0
207,0.5,0.25,1,0.85,0.525,0.375,0.25,0.2,0.075,0.025,0
208,0.5,0.25,1,0.825,0.5,0.375,0.325,0.275,0.15,0.1,0
209,0.5,0.25,1,0.85,0.5,0.45,0.325,0.225,0.1,0.05,0
210,0.5,0.25,1,0.975,0.775,0.65,0.275,0.225,0.175,0.125,0
211,0.5,0.25,1,0.7,0.65,0.475,0.4,0.325,0.15,0.1,0
212,0.5,0.25,1,0.85,0.75,0.725,0.675,0.275,0.175,0.125,0
213,0.5,0.25,1,0.775,0.7,0.375,0.25,0.2,0.175,0.125,0
214,0.5,0.25,1,0.85,0.825,0.4,0.35,0.3,0.25,0.125,0
215,0.5,0.25,1,0.725,0.5,0.375,0.225,0.175,0.125,0.025,0
216,0.5,0.25,1,0.875,0.7,0.675,0.225,0.2,0.1,0.05,0
217,0.5,0.25,1,0.85,0.6,0.475,0.425,0.25,0.1,0.05,0
218,0.5,0.25,1,0.8,0.45,0.35,0.3,0.275,0.15,0.1,0
219,0.5,0.25,1,0.95,0.775,0.45,0.325,0.175,0.15,0.1,0
220,0.5,0.25,1,0.875,0.675,0.65,0.6,0.225,0.175,0.125,0
221,0.5,0.25,1,0.975,0.775,0.375,0.25,0.15,0.1,0.05,0
222,0.5,0.25,1,0.975,0.8,0.75,0.625,0.55,0.2,0.05,0
223,0.5,0.25,1,0.7,0.65,0.375,0.3,0.2,0.15,0.1,0
224,0.5,0.25,1,0.85,0.8,0.4,0.35,0.225,0.1,0.05,0
225,0.5,0.25,1,0.825,0.775,0.65,0.6,0.225,0.1,0.05,0
226,0.5,0.25,1,0.975,0.95,0.8,0.425,0.25,0.1,0.05,0
227,0.5,0.25,1,0.8,0.55,0.425,0.375,0.225,0.15,0.1,0
228,0.5,0.25,1,0.8,0.775,0.725,0.375,0.225,0.175,0.05,0
229,0.5,0.25,1,0.825,0.775,0.375,0.25,0.2,0.15,0.05,0
230,0.5,0.25,1,0.675,0.6,0.55,0.325,0.275,0.175,0.125,0
231,0.5,0.25,1,0.825,0.475,0.425,0.35,0.3,0.25,0.1,0
232,0.5,0.25,1,0.85,0.725,0.375,0.3,0.15,0.1,0.05,0
233,0.5,0.25,1,0.825,0.75,0.675,0.375,0.25,0.1,0.05,0
234,0.5,0.25,1,0.85,0.825,0.7,0.65,0.275,0.225,0.05,0
235,0.5,0.25,1,0.8,0.75,0.4,0.35,0.225,0.1,0.05,0
236,0.5,0.25,1,0.8,0.7,0.65,0.3,0.225,0.175,0.05,0
237,0.5,0.25,1,0.975,0.925,0.575,0.35,0.3,0.25,0.125,0
238,0.5,0.25,1,0.675,0.575,0.475,0.25,0.2,0.15,0.1,0
239,0.5,0.25,1,0.7,0.475,0.4,0.325,0.275,0.175,0.05,0
240,0.5,0.25,1,0.7,0.65,0.425,0.375,0.275,0.15,0.05,0
241,0.5,0.25,1,0.825,0.5,0.35,0.3,0.175,0.15,0.1,0
242,0.5,0.25,1,0.925,0.725,0.675,0.625,0.2,0.075,0.05,0
243,0.5,0.25,1,0.725,0.5,0.375,0.225,0.2,0.1,0.05,0
244,0.5,0.25,1,0.95,0.75,0.7,0.35,0.225,0.175,0.05,0
245,0.5,0.25,1,0.875,0.7,0.65,0.6,0.25,0.1,0.05,0
246,0.5,0.25,1,0.975,0.6,0.4,0.35,0.3,0.2,0.05,0
247,0.5,0.25,1,0.975,0.825,0.7,0.375,0.225,0.175,0.125,0
248,0.5,0.25,1,0.825,0.7,0.375,0.225,0.175,0.125,0.1,0
249,0.5,0.25,1,0.85,0.6,0.4,0.225,0.2,0.15,0.05,0
250,0.5,0.25,1,0.825,0.475,0.4,0.325,0.2,0.1,0.05,0
251,0.5,0.25,1,0.9,0.7,0.625,0.325,0.175,0.125,0.075,0
252,0.5,0.25,1,0.8,0.775,0.725,0.3,0.175,0.15,0.1,0
253,0.5,0.25,1,0.7,0.525,0.375,0.325,0.2,0.15,0.1,0
254,0.5,0.25,1,0.95,0.8,0.475,0.375,0.225,0.175,0.125,0
255,0.5,0.25,1,0.8,0.725,0.675,0.625,0.575,0.175,0.05,0
256,0.5,0.25,1,0.675,0.475,0.375,0.325,0.225,0.1,0.05,0
257,0.5,0.25,1,0.85,0.775,0.45,0.4,0.225,0.1,0.05,0
258,0.5,0.25,1,0.85,0.775,0.4,0.325,0.2,0.15,0.1,0
259,0.5,0.25,1,0.85,0.725,0.675,0.225,0.175,0.15,0.05,0
260,0.5,0.25,1,0.975,0.8,0.65,0.6,0.55,0.175,0.125,0
261,0.5,0.25,1,0.675,0.5,0.425,0.225,0.2,0.15,0.05,0
262,0.5,0.25,1,0.85,0.8,0.675,0.275,0.225,0.175,0.05,0
263,0.5,0.25,1,0.7,0.475,0.375,0.35,0.275,0.1,0.05,0
264,0.5,0.25,1,0.8,0.5,0.475,0.35,0.25,0.2,0.05,0
265,0.5,0.25,1,0.925,0.9,0.825,0.6,0.275,0.225,0.05,0
266,0.5,0.25,1,0.825,0.475,0.425,0.275,0.175,0.075,0.025,0
267,0.5,0.25,1,0.8,0.675,0.65,0.275,0.225,0.175,0.1,0
268,0.5,0.25,1,0.9,0.875,0.55,0.5,0.2,0.15,0.1,0
269,0.5,0.25,1,0.825,0.775,0.675,0.325,0.25,0.2,0.15,0
270,0.5,0.25,1,0.975,0.775,0.425,0.375,0.25,0.15,0.05,0
271,0.5,0.25,1,0.675,0.45,0.35,0.275,0.225,0.2,0.05,0
272,0.5,0.25,1,0.7,0.475,0.4,0.375,0.225,0.175,0.125,0
273,0.5,0.25,1,0.9,0.55,0.425,0.275,0.225,0.1,0.05,0
274,0.5,0.25,1,0.975,0.775,0.4,0.35,0.325,0.275,0.1,0
275,0.5,0.25,1,0.925,0.9,0.5,0.45,0.225,0.175,0.15,0
276,0.5,0.25,1,0.725,0.6,0.4,0.375,0.325,0.2,0.15,0
277,0.5,0.25,1,0.7,0.45,0.4,0.35,0.3,0.15,0.1,0
278,0.5,0.25,1,0.975,0.775,0.75,0.375,0.25,0.2,0.05,0
279,0.5,0.25,1,0.8,0.45,0.35,0.225,0.125,0.075,0.05,0
280,0.5,0.25,1,0.85,0.5,0.4,0.3,0.25,0.125,0.05,0
281,0.5,0.25,1,0.85,0.525,0.4,0.35,0.225,0.175,0.125,0
282,0.5,0.25,1,0.975,0.8,0.4,0.275,0.15,0.1,0.05,0
283,0.5,0.25,1,0.825,0.475,0.325,0.225,0.125,0.1,0.05,0
284,0.5,0.25,1,0.8,0.45,0.325,0.25,0.2,0.15,0.05,0
285,0.5,0.25,1,0.675,0.525,0.475,0.35,0.2,0.075,0.05,0
286,0.5,0.25,1,0.825,0.5,0.45,0.325,0.275,0.225,0.05,0
287,0.5,0.25,1,0.975,0.775,0.4,0.25,0.125,0.1,0.05,0
288,0.5,0.25,1,0.95,0.85,0.65,0.3,0.25,0.2,0.05,0
289,0.5,0.25,1,0.825,0.725,0.65,0.3,0.25,0.2,0.025,0
290,0.5,0.25,1,0.825,0.8,0.75,0.675,0.25,0.175,0.05,0
291,0.5,0.25,1,0.825,0.8,0.75,0.45,0.25,0.2,0.05,0
292,0.5,0.25,1,0.7,0.475,0.375,0.25,0.125,0.075,0.05,0
293,0.5,0.25,1,0.7,0.5,0.375,0.225,0.15,0.1,0.05,0
294,0.5,0.25,1,0.8,0.75,0.35,0.3,0.175,0.125,0.1,0
295,0.5,0.25,1,0.85,0.55,0.4,0.3,0.2,0.1,0.05,0
296,0.5,0.25,1,0.675,0.45,0.375,0.275,0.15,0.1,0.05,0
297,0.5,0.25,1,0.975,0.775,0.375,0.25,0.2,0.1,0.05,0
298,0.5,0.25,1,0.85,0.8,0.475,0.425,0.3,0.15,0.1,0
299,0.5,0.25,1,0.825,0.75,0.35,0.225,0.2,0.1,0.05,0
300,0.5,0.25,1,0.675,0.525,0.35,0.225,0.2,0.1,0.05,0
301,0.5,0.25,1,0.675,0.6,0.4,0.375,0.2,0.1,0.05,0
302,0.5,0.25,1,0.725,0.5,0.4,0.325,0.275,0.225,0.05,0
303,0.5,0.25,1,0.825,0.8,0.4,0.35,0.225,0.1,0.05,0
304,0.5,0.25,1,0.95,0.925,0.575,0.325,0.3,0.225,0.05,0
305,0.5,0.25,1,0.75,0.575,0.525,0.35,0.225,0.175,0.05,0
306,0.5,0.25,1,0.775,0.5,0.425,0.375,0.225,0.125,0.05,0
307,0.5,0.25,1,0.825,0.475,0.425,0.3,0.2,0.15,0.1,0
308,0.5,0.25,1,0.975,0.625,0.6,0.35,0.3,0.15,0.05,0
309,0.5,0.25,1,0.95,0.675,0.4,0.35,0.2,0.15,0.1,0
310,0.5,0.25,1,0.8,0.675,0.625,0.325,0.275,0.15,0.1,0
311,0.5,0.25,1,0.975,0.8,0.7,0.3,0.25,0.2,0.15,0
312,0.5,0.25,1,0.8,0.725,0.675,0.625,0.3,0.075,0.025,0
313,0.5,0.25,1,0.925,0.725,0.7,0.3,0.25,0.15,0.05,0
314,0.5,0.25,1,0.925,0.75,0.7,0.275,0.225,0.1,0.05,0
315,0.5,0.25,1,0.675,0.625,0.45,0.275,0.225,0.175,0.05,0
316,0.5,0.25,1,0.975,0.925,0.725,0.65,0.25,0.2,0.05,0
317,0.5,0.25,1,0.975,0.8,0.375,0.35,0.225,0.1,0.05,0
318,0.5,0.25,1,0.8,0.475,0.4,0.35,0.225,0.175,0.125,0
319,0.5,0.25,1,0.95,0.775,0.575,0.375,0.35,0.3,0.125,0
320,0.5,0.25,1,0.825,0.55,0.425,0.3,0.225,0.175,0.05,0
321,0.5,0.25,1,0.675,0.6,0.425,0.3,0.25,0.15,0.1,0
322,0.5,0.25,1,0.7,0.525,0.475,0.325,0.2,0.15,0.05,0
323,0.5,0.25,1,0.7,0.45,0.375,0.225,0.125,0.075,0.05,0
324,0.5,0.25,1,0.85,0.525,0.4,0.325,0.275,0.225,0.2,0
325,0.5,0.25,1,0.95,0.75,0.425,0.35,0.225,0.075,0.05,0
326,0.5,0.25,1,0.9,0.725,0.375,0.225,0.2,0.15,0.1,0
327,0.5,0.25,1,0.85,0.775,0.525,0.4,0.35,0.25,0.05,0
328,0.5,0.25,1,0.825,0.475,0.4,0.325,0.275,0.15,0.05,0
329,0.5,0.25,1,0.95,0.875,0.7,0.325,0.225,0.175,0.05,0
330,0.5,0.25,1,0.975,0.825,0.775,0.4,0.325,0.175,0.05,0
331,0.5,0.25,1,0.825,0.775,0.375,0.325,0.2,0.1,0.05,0
332,0.5,0.25,1,0.85,0.725,0.325,0.275,0.2,0.15,0.05,0
333,0.5,0.25,1,0.85,0.75,0.375,0.25,0.225,0.1,0.05,0
334,0.5,0.25,1,0.975,0.775,0.4,0.35,0.3,0.2,0.15,0
335,0.5,0.25,1,0.725,0.475,0.325,0.225,0.2,0.15,0.1,0
336,0.5,0.25,1,0.85,0.8,0.4,0.25,0.2,0.1,0.05,0
337,0.5,0.25,1,0.95,0.6,0.4,0.375,0.225,0.1,0.05,0
338,0.5,0.25,1,0.95,0.75,0.45,0.3,0.175,0.125,0.05,0
339,0.5,0.25,1,0.825,0.45,0.4,0.325,0.2,0.075,0.05,0
340,0.5,0.25,1,0.925,0.825,0.475,0.275,0.15,0.1,0.05,0
341,0.5,0.25,1,0.65,0.625,0.35,0.275,0.2,0.15,0.05,0
342,0.5,0.25,1,0.975,0.925,0.75,0.35,0.2,0.15,0.05,0
343,0.5,0.25,1,0.925,0.575,0.35,0.3,0.2,0.1,0.05,0
344,0.5,0.25,1,0.95,0.925,0.75,0.325,0.225,0.175,0.125,0
345,0.5,0.25,1,0.975,0.875,0.65,0.35,0.3,0.2,0.05,0
346,0.5,0.25,1,0.9,0.85,0.65,0.6,0.25,0.2,0.15,0
347,0.5,0.25,1,0.975,0.8,0.7,0.35,0.225,0.175,0.05,0
348,0.5,0.25,1,0.85,0.8,0.45,0.35,0.25,0.125,0.05,0
349,0.5,0.25,1,0.825,0.775,0.45,0.325,0.275,0.175,0.125,0
350,0.5,0.25,1,0.8,0.475,0.375,0.25,0.2,0.15,0.1,0
351,0.5,0.25,1,0.975,0.75,0.725,0.35,0.2,0.15,0.05,0
352,0.5,0.25,1,0.825,0.5,0.375,0.325,0.225,0.1,0.05,0
353,0.5,0.25,1,0.825,0.45,0.325,0.275,0.175,0.075,0.05,0
354,0.5,0.25,1,0.65,0.425,0.4,0.275,0.2,0.15,0.1,0
355,0.5,0.25,1,0.675,0.475,0.325,0.25,0.15,0.1,0.05,0
356,0.5,0.25,1,0.7,0.6,0.425,0.25,0.2,0.15,0.05,0
357,0.5,0.25,1,0.85,0.725,0.375,0.325,0.25,0.1,0.05,0
358,0.5,0.25,1,0.825,0.45,0.325,0.25,0.2,0.15,0.1,0
359,0.5,0.25,1,0.95,0.625,0.525,0.25,0.225,0.175,0.05,0
360,0.5,0.25,1,0.975,0.775,0.65,0.3,0.25,0.175,0.125,0
361,0.5,0.25,1,0.925,0.9,0.525,0.45,0.25,0.1,0.05,0
362,0.5,0.25,1,0.95,0.775,0.45,0.4,0.275,0.175,0.05,0
363,0.5,0.25,1,0.775,0.725,0.675,0.425,0.3,0.175,0.05,0
364,0.5,0.25,1,0.975,0.65,0.6,0.35,0.225,0.175,0.05,0
365,0.5,0.25,1,0.8,0.775,0.4,0.275,0.25,0.2,0.05,0
366,0.5,0.25,1,0.9,0.65,0.45,0.3,0.25,0.1,0.05,0
367,0.5,0.25,1,0.85,0.8,0.375,0.325,0.2,0.15,0.05,0
368,0.5,0.25,1,0.975,0.95,0.725,0.4,0.25,0.1,0.05,0
369,0.5,0.25,1,0.825,0.725,0.325,0.25,0.2,0.15,0.1,0
370,0.5,0.25,1,0.65,0.45,0.4,0.325,0.2,0.15,0.05,0
371,0.5,0.25,1,0.85,0.55,0.425,0.275,0.15,0.1,0.05,0
372,0.5,0.25,1,0.8,0.475,0.375,0.35,0.2,0.15,0.05,0
373,0.5,0.25,1,0.8,0.775,0.675,0.65,0.6,0.175,0.125,0
374,0.5,0.25,1,0.975,0.8,0.45,0.375,0.25,0.2,0.15,0
375,0.5,0.25,1,0.8,0.45,0.325,0.3,0.225,0.175,0.125,0
376,0.5,0.25,1,0.825,0.775,0.425,0.3,0.125,0.075,0.025,0
377,0.5,0.25,1,0.875,0.75,0.7,0.65,0.175,0.15,0.1,0
378,0.5,0.25,1,0.975,0.85,0.425,0.375,0.2,0.175,0.125,0
379,0.5,0.25,1,0.875,0.7,0.625,0.275,0.2,0.15,0.1,0
380,0.5,0.25,1,0.825,0.7,0.325,0.25,0.2,0.175,0.05,0
381,0.5,0.25,1,0.95,0.775,0.4,0.325,0.2,0.15,0.125,0
382,0.5,0.25,1,0.9,0.85,0.525,0.35,0.3,0.15,0.1,0
383,0.5,0.25,1,0.925,0.725,0.675,0.275,0.225,0.125,0.025,0
384,0.5,0.25,1,0.8,0.475,0.425,0.325,0.275,0.15,0.1,0
385,0.5,0.25,1,0.975,0.75,0.375,0.25,0.2,0.15,0.1,0
386,0.5,0.25,1,0.725,0.625,0.425,0.375,0.2,0.15,0.05,0
387,0.5,0.25,1,0.975,0.95,0.725,0.675,0.6,0.225,0.175,0
388,0.5,0.25,1,0.95,0.775,0.425,0.3,0.175,0.15,0.1,0
389,0.5,0.25,1,0.85,0.775,0.4,0.375,0.25,0.2,0.15,0
390,0.5,0.25,1,0.85,0.8,0.725,0.375,0.225,0.175,0.125,0
391,0.5,0.25,1,0.95,0.75,0.7,0.65,0.225,0.175,0.125,0
392,0.5,0.25,1,0.825,0.7,0.35,0.3,0.2,0.15,0.05,0
393,0.5,0.25,1,0.8,0.525,0.375,0.325,0.3,0.175,0.05,0
394,0.5,0.25,1,0.85,0.5,0.475,0.35,0.225,0.1,0.05,0
395,0.5,0.25,1,0.825,0.775,0.425,0.3,0.25,0.2,0.15,0
396,0.5,0.25,1,0.825,0.55,0.425,0.275,0.2,0.15,0.05,0
397,0.5,0.25,1,0.725,0.675,0.475,0.425,0.3,0.175,0.05,0
398,0.5,0.25,1,0.85,0.5,0.4,0.325,0.275,0.2,0.05,0
399,0.5,0.25,1,0.725,0.5,0.4,0.25,0.2,0.15,0.1,0
400,0.5,0.25,1,0.8,0.425,0.35,0.225,0.2,0.15,0.1,0
401,0.5,0.25,1,0.825,0.775,0.725,0.25,0.2,0.15,0.05,0
402,0.5,0.25,1,0.825,0.475,0.325,0.25,0.2,0.1,0.05,0
403,0.5,0.25,1,0.825,0.75,0.725,0.6,0.225,0.1,0.05,0
404,0.5,0.25,1,0.85,0.8,0.4,0.35,0.3,0.175,0.1,0
405,0.5,0.25,1,0.9,0.85,0.825,0.625,0.2,0.15,0.05,0
406,0.5,0.25,1,0.95,0.85,0.5,0.325,0.25,0.2,0.15,0
407,0.5,0.25,1,0.875,0.45,0.425,0.35,0.3,0.15,0.1,0
408,0.5,0.25,1,0.675,0.5,0.475,0.35,0.275,0.1,0.05,0
409,0.5,0.25,1,0.675,0.625,0.575,0.3,0.2,0.15,0.05,0
410,0.5,0.25,1,0.875,0.5,0.375,0.35,0.225,0.175,0.125,0
411,0.5,0.25,1,0.8,0.775,0.7,0.575,0.5,0.1,0.05,0
412,0.5,0.25,1,0.875,0.825,0.75,0.7,0.625,0.225,0.05,0
413,0.5,0.25,1,0.95,0.8,0.75,0.725,0.65,0.175,0.05,0
414,0.5,0.25,1,0.8,0.775,0.65,0.575,0.25,0.2,0.05,0
415,0.5,0.25,1,0.95,0.725,0.4,0.275,0.225,0.175,0.05,0
416,0.5,0.25,1,0.9,0.625,0.5,0.375,0.125,0.1,0.05,0
417,0.5,0.25,1,0.975,0.875,0.575,0.325,0.25,0.2,0.15,0
418,0.5,0.25,1,0.95,0.85,0.45,0.4,0.275,0.25,0.2,0
419,0.5,0.25,1,0.925,0.575,0.375,0.35,0.2,0.1,0.05,0
420,0.5,0.25,1,0.825,0.775,0.7,0.65,0.6,0.225,0.175,0
421,0.5,0.25,1,0.925,0.575,0.375,0.325,0.275,0.15,0.1,0
422,0.5,0.25,1,0.95,0.75,0.45,0.4,0.275,0.1,0.05,0
423,0.5,0.25,1,0.675,0.575,0.375,0.3,0.25,0.15,0.05,0
424,0.5,0.25,1,0.9,0.725,0.65,0.325,0.25,0.1,0.05,0
425,0.5,0.25,1,0.8,0.75,0.625,0.275,0.225,0.175,0.1,0
426,0.5,0.25,1,0.85,0.45,0.375,0.25,0.2,0.1,0.05,0
427,0.5,0.25,1,0.85,0.825,0.5,0.45,0.35,0.175,0.125,0
428,0.5,0.25,1,0.65,0.45,0.35,0.25,0.2,0.075,0.05,0
429,0.5,0.25,1,0.675,0.475,0.3,0.25,0.2,0.1,0.05,0
430,0.5,0.25,1,0.8,0.7,0.325,0.275,0.2,0.15,0.05,0
431,0.5,0.25,1,0.825,0.475,0.35,0.225,0.2,0.1,0.05,0
432,0.5,0.25,1,0.85,0.725,0.325,0.25,0.2,0.15,0.05,0
433,0.5,0.25,1,0.825,0.45,0.375,0.325,0.2,0.15,0.05,0
434,0.5,0.25,1,0.975,0.775,0.4,0.35,0.275,0.225,0.175,0
435,0.5,0.25,1,0.85,0.825,0.475,0.35,0.3,0.25,0.15,0
436,0.5,0.25,1,0.8,0.425,0.375,0.3,0.125,0.075,0.05,0
437,0.5,0.25,1,0.85,0.8,0.675,0.625,0.225,0.175,0.125,0
438,0.5,0.25,1,0.95,0.6,0.575,0.5,0.275,0.15,0.05,0
439,0.5,0.25,1,0.8,0.775,0.725,0.35,0.3,0.175,0.125,0
440,0.5,0.25,1,0.95,0.775,0.475,0.425,0.325,0.175,0.05,0
441,0.5,0.25,1,0.825,0.75,0.675,0.625,0.225,0.175,0.05,0
442,0.5,0.25,1,0.7,0.475,0.425,0.3,0.225,0.175,0.05,0
443,0.5,0.25,1,0.825,0.425,0.3,0.225,0.2,0.15,0.05,0
444,0.5,0.25,1,0.7,0.5,0.425,0.35,0.225,0.175,0.125,0
445,0.5,0.25,1,0.825,0.7,0.675,0.625,0.575,0.175,0.05,0
446,0.5,0.25,1,0.85,0.775,0.65,0.275,0.225,0.1,0.05,0
447,0.5,0.25,1,0.975,0.9,0.6,0.325,0.225,0.175,0.05,0
448,0.5,0.25,1,0.85,0.55,0.5,0.375,0.225,0.1,0.05,0
449,0.5,0.25,1,0.825,0.775,0.725,0.65,0.6,0.2,0.075,0
450,0.5,0.25,1,0.65,0.45,0.375,0.25,0.2,0.075,0.025,0
451,0.5,0.25,1,0.8,0.725,0.625,0.275,0.2,0.15,0.1,0
452,0.5,0.25,1,0.675,0.575,0.375,0.325,0.275,0.2,0.05,0
453,0.5,0.25,1,0.95,0.9,0.725,0.325,0.25,0.2,0.15,0
454,0.5,0.25,1,0.9,0.7,0.625,0.575,0.525,0.45,0.4,0
455,0.5,0.25,1,0.75,0.6,0.325,0.225,0.125,0.1,0.05,0
456,0.5,0.25,1,0.65,0.6,0.4,0.35,0.2,0.15,0.05,0
457,0.5,0.25,1,0.875,0.825,0.8,0.425,0.375,0.25,0.125,0
458,0.5,0.25,1,0.8,0.45,0.375,0.25,0.2,0.15,0.1,0
459,0.5,0.25,1,0.875,0.7,0.35,0.3,0.175,0.075,0.05,0
460,0.5,0.25,1,0.85,0.5,0.45,0.3,0.225,0.15,0.05,0
461,0.5,0.25,1,0.7,0.55,0.4,0.35,0.225,0.2,0.15,0
462,0.5,0.25,1,0.7,0.5,0.4,0.25,0.2,0.15,0.1,0
463,0.5,0.25,1,0.85,0.45,0.35,0.225,0.2,0.15,0.1,0
464,0.5,0.25,1,0.975,0.8,0.425,0.3,0.25,0.15,0.05,0
465,0.5,0.25,1,0.975,0.775,0.475,0.375,0.225,0.175,0.05,0
466,0.5,0.25,1,0.75,0.675,0.475,0.3,0.2,0.15,0.1,0
467,0.5,0.25,1,0.725,0.475,0.425,0.325,0.225,0.175,0.05,0
468,0.5,0.25,1,0.8,0.475,0.325,0.25,0.15,0.1,0.05,0
469,0.5,0.25,1,0.725,0.575,0.425,0.275,0.225,0.175,0.05,0
470,0.5,0.25,1,0.825,0.75,0.65,0.6,0.525,0.125,0.075,0
471,0.5,0.25,1,0.825,0.775,0.4,0.3,0.225,0.175,0.025,0
472,0.5,0.25,1,0.725,0.5,0.375,0.325,0.275,0.175,0.125,0
473,0.5,0.25,1,0.8,0.75,0.4,0.275,0.225,0.175,0.125,0
474,0.5,0.25,1,0.825,0.45,0.4,0.325,0.275,0.15,0.05,0
475,0.5,0.25,1,0.925,0.575,0.475,0.225,0.125,0.075,0.05,0
476,0.5,0.25,1,0.825,0.475,0.4,0.25,0.2,0.15,0.1,0
477,0.5,0.25,1,0.825,0.8,0.7,0.65,0.525,0.475,0.05,0
478,0.5,0.25,1,0.825,0.775,0.375,0.25,0.2,0.15,0.05,0
479,0.5,0.25,1,0.975,0.775,0.4,0.275,0.15,0.1,0.05,0
480,0.5,0.25,1,0.95,0.6,0.575,0.375,0.2,0.1,0.05,0
481,0.5,0.25,1,0.7,0.6,0.55,0.525,0.35,0.15,0.05,0
482,0.5,0.25,1,0.7,0.55,0.425,0.275,0.225,0.075,0.025,0
483,0.5,0.25,1,0.875,0.475,0.35,0.225,0.175,0.125,0.1,0
484,0.5,0.25,1,0.8,0.675,0.65,0.25,0.2,0.15,0.05,0
485,0.5,0.25,1,0.825,0.55,0.425,0.375,0.225,0.1,0.05,0
486,0.5,0.25,1,0.8,0.425,0.375,0.325,0.2,0.15,0.1,0
487,0.5,0.25,1,0.8,0.75,0.475,0.325,0.275,0.15,0.1,0
488,0.5,0.25,1,0.8,0.475,0.35,0.225,0.2,0.15,0.05,0
489,0.5,0.25,1,0.8,0.525,0.425,0.3,0.225,0.1,0.05,0
490,0.5,0.25,1,0.7,0.475,0.375,0.225,0.15,0.1,0.05,0
491,0.5,0.25,1,0.975,0.65,0.375,0.35,0.2,0.15,0.05,0
492,0.5,0.25,1,0.825,0.425,0.375,0.325,0.275,0.15,0.1,0
493,0.5,0.25,1,0.875,0.775,0.7,0.275,0.125,0.075,0.025,0
494,0.5,0.25,1,0.825,0.525,0.475,0.45,0.35,0.2,0.05,0
495,0.5,0.25,1,0.975,0.75,0.35,0.3,0.275,0.15,0.05,0
496,0.5,0.25,1,0.8,0.7,0.65,0.3,0.25,0.2,0.15,0
497,0.5,0.25,1,0.875,0.5,0.375,0.325,0.2,0.1,0.05,0
498,0.5,0.25,1,0.8,0.725,0.4,0.3,0.25,0.175,0.125,0
499,0.5,0.25,1,0.95,0.775,0.725,0.65,0.6,0.2,0.15,0
500,0.5,0.25,1,0.825,0.8,0.425,0.375,0.25,0.1,0.05,0
1,0.5,0.5,1,0.8,0.6,0.55,0.425,0.325,0.225,0.05,0
2,0.5,0.5,1,0.85,0.575,0.425,0.375,0.3,0.175,0.05,0
3,0.5,0.5,1,0.975,0.8,0.5,0.375,0.25,0.1,0.05,0
4,0.5,0.5,1,0.875,0.625,0.575,0.475,0.225,0.1,0.05,0
5,0.5,0.5,1,0.9,0.75,0.575,0.4,0.325,0.275,0.225,0
6,0.5,0.5,1,0.85,0.55,0.45,0.4,0.35,0.225,0.175,0
7,0.5,0.5,1,0.975,0.825,0.525,0.475,0.4,0.225,0.05,0
8,0.5,0.5,1,0.85,0.475,0.425,0.375,0.3,0.2,0.15,0
9,0.5,0.5,1,0.975,0.65,0.55,0.35,0.3,0.15,0.1,0
10,0.5,0.5,1,0.95,0.8,0.75,0.525,0.4,0.35,0.15,0
11,0.5,0.5,1,0.775,0.625,0.5,0.45,0.25,0.2,0.1,0
12,0.5,0.5,1,0.85,0.525,0.45,0.3,0.175,0.1,0.05,0
13,0.5,0.5,1,0.8,0.775,0.425,0.325,0.275,0.225,0.05,0
14,0.5,0.5,1,0.825,0.525,0.4,0.25,0.15,0.1,0.05,0
15,0.5,0.5,1,0.975,0.85,0.475,0.425,0.3,0.25,0.15,0
16,0.5,0.5,1,0.85,0.65,0.525,0.475,0.3,0.25,0.05,0
17,0.5,0.5,1,0.95,0.75,0.6,0.5,0.375,0.175,0.05,0
18,0.5,0.5,1,0.85,0.8,0.75,0.4,0.325,0.2,0.15,0
19,0.5,0.5,1,0.775,0.7,0.65,0.375,0.225,0.1,0.05,0
20,0.5,0.5,1,0.8,0.525,0.475,0.425,0.3,0.2,0.05,0
21,0.5,0.5,1,0.875,0.8,0.55,0.35,0.175,0.1,0.05,0
22,0.5,0.5,1,0.8,0.75,0.725,0.475,0.3,0.1,0.05,0
23,0.5,0.5,1,0.85,0.5,0.475,0.35,0.3,0.175,0.125,0
24,0.5,0.5,1,0.825,0.775,0.7,0.675,0.275,0.225,0.175,0
25,0.5,0.5,1,0.825,0.525,0.4,0.25,0.125,0.075,0.05,0
26,0.5,0.5,1,0.975,0.825,0.45,0.375,0.325,0.275,0.15,0
27,0.5,0.5,1,0.825,0.625,0.575,0.45,0.375,0.275,0.225,0
28,0.5,0.5,1,0.825,0.7,0.625,0.3,0.2,0.1,0.05,0
29,0.5,0.5,1,0.85,0.5,0.45,0.4,0.35,0.25,0.1,0
30,0.5,0.5,1,0.875,0.85,0.45,0.325,0.225,0.1,0.05,0
31,0.5,0.5,1,0.8,0.575,0.525,0.5,0.35,0.25,0.2,0
32,0.5,0.5,1,0.825,0.775,0.675,0.625,0.575,0.25,0.125,0
33,0.5,0.5,1,0.825,0.6,0.475,0.35,0.2,0.15,0.05,0
34,0.5,0.5,1,0.825,0.55,0.5,0.4,0.325,0.275,0.15,0
35,0.5,0.5,1,0.95,0.775,0.725,0.7,0.575,0.5,0.05,0
36,0.5,0.5,1,0.85,0.775,0.75,0.375,0.225,0.175,0.05,0
37,0.5,0.5,1,0.725,0.6,0.45,0.35,0.3,0.15,0.1,0
38,0.5,0.5,1,0.975,0.875,0.7,0.65,0.625,0.275,0.05,0
39,0.5,0.5,1,0.825,0.8,0.775,0.525,0.3,0.1,0.05,0
40,0.5,0.5,1,0.85,0.8,0.725,0.35,0.3,0.175,0.125,0
41,0.5,0.5,1,0.85,0.65,0.55,0.5,0.425,0.275,0.225,0
42,0.5,0.5,1,0.775,0.55,0.425,0.375,0.275,0.15,0.1,0
43,0.5,0.5,1,0.775,0.5,0.45,0.375,0.325,0.275,0.1,0
44,0.5,0.5,1,0.825,0.525,0.425,0.25,0.15,0.1,0.05,0
45,0.5,0.5,1,0.775,0.6,0.55,0.475,0.325,0.275,0.05,0
46,0.5,0.5,1,0.875,0.525,0.475,0.425,0.275,0.2,0.05,0
47,0.5,0.5,1,0.975,0.675,0.625,0.425,0.25,0.1,0.05,0
48,0.5,0.5,1,0.75,0.65,0.45,0.4,0.3,0.1,0.05,0
49,0.5,0.5,1,0.85,0.775,0.375,0.3,0.2,0.15,0.05,0
50,0.5,0.5,1,0.825,0.525,0.4,0.375,0.225,0.1,0.05,0
51,0.5,0.5,1,0.9,0.875,0.7,0.65,0.35,0.25,0.2,0
52,0.5,0.5,1,0.825,0.725,0.45,0.425,0.325,0.1,0.05,0
53,0.5,0.5,1,0.95,0.65,0.45,0.325,0.175,0.125,0.05,0
54,0.5,0.5,1,0.975,0.95,0.775,0.7,0.625,0.575,0.05,0
55,0.5,0.5,1,0.95,0.65,0.475,0.325,0.25,0.2,0.15,0
56,0.5,0.5,1,0.7,0.675,0.575,0.375,0.2,0.15,0.05,0
57,0.5,0.5,1,0.825,0.8,0.75,0.35,0.3,0.175,0.125,0
58,0.5,0.5,1,0.825,0.75,0.4,0.375,0.25,0.2,0.05,0
59,0.5,0.5,1,0.85,0.5,0.475,0.3,0.225,0.175,0.05,0
60,0.5,0.5,1,0.85,0.775,0.7,0.65,0.2,0.15,0.05,0
61,0.5,0.5,1,0.975,0.875,0.55,0.425,0.375,0.275,0.05,0
62,0.5,0.5,1,0.825,0.775,0.75,0.675,0.625,0.55,0.05,0
63,0.5,0.5,1,0.875,0.825,0.725,0.4,0.325,0.275,0.05,0
64,0.5,0.5,1,0.825,0.725,0.675,0.65,0.6,0.25,0.15,0
65,0.5,0.5,1,0.95,0.75,0.5,0.4,0.3,0.15,0.1,0
66,0.5,0.5,1,0.975,0.725,0.425,0.375,0.25,0.1,0.05,0
67,0.5,0.5,1,0.8,0.575,0.5,0.4,0.275,0.225,0.175,0
68,0.5,0.5,1,0.825,0.75,0.45,0.4,0.275,0.1,0.05,0
69,0.5,0.5,1,0.825,0.725,0.4,0.35,0.225,0.175,0.125,0
70,0.5,0.5,1,0.95,0.875,0.85,0.7,0.375,0.2,0.15,0
71,0.5,0.5,1,0.975,0.775,0.7,0.45,0.4,0.175,0.05,0
72,0.5,0.5,1,0.8,0.6,0.55,0.425,0.3,0.1,0.05,0
73,0.5,0.5,1,0.825,0.775,0.7,0.675,0.575,0.1,0.05,0
74,0.5,0.5,1,0.725,0.525,0.45,0.325,0.25,0.2,0.05,0
75,0.5,0.5,1,0.875,0.825,0.475,0.425,0.275,0.1,0.05,0
76,0.5,0.5,1,0.975,0.825,0.775,0.475,0.425,0.275,0.125,0
77,0.5,0.5,1,0.85,0.775,0.45,0.325,0.2,0.1,0.05,0
78,0.5,0.5,1,0.75,0.7,0.475,0.4,0.3,0.175,0.05,0
79,0.5,0.5,1,0.9,0.725,0.425,0.375,0.225,0.175,0.125,0
80,0.5,0.5,1,0.975,0.775,0.5,0.4,0.325,0.275,0.05,0
81,0.5,0.5,1,0.875,0.825,0.775,0.45,0.35,0.3,0.1,0
82,0.5,0.5,1,0.95,0.7,0.65,0.5,0.325,0.275,0.225,0
83,0.5,0.5,1,0.85,0.575,0.475,0.425,0.225,0.1,0.05,0
84,0.5,0.5,1,0.825,0.6,0.5,0.35,0.3,0.15,0.1,0
85,0.5,0.5,1,0.875,0.5,0.4,0.25,0.15,0.1,0.05,0
86,0.5,0.5,1,0.875,0.75,0.725,0.375,0.25,0.2,0.15,0
87,0.5,0.5,1,0.825,0.775,0.7,0.4,0.225,0.1,0.05,0
88,0.5,0.5,1,0.925,0.65,0.425,0.375,0.3,0.25,0.075,0
89,0.5,0.5,1,0.925,0.775,0.675,0.65,0.225,0.1,0.05,0
90,0.5,0.5,1,0.975,0.95,0.575,0.3,0.25,0.2,0.15,0
91,0.5,0.5,1,0.975,0.825,0.55,0.375,0.175,0.125,0.075,0
92,0.5,0.5,1,0.8,0.725,0.525,0.475,0.25,0.2,0.05,0
93,0.5,0.5,1,0.825,0.475,0.425,0.325,0.2,0.1,0.05,0
94,0.5,0.5,1,0.975,0.675,0.475,0.375,0.325,0.1,0.05,0
95,0.5,0.5,1,0.85,0.6,0.575,0.4,0.35,0.175,0.05,0
96,0.5,0.5,1,0.875,0.8,0.55,0.45,0.225,0.175,0.125,0
97,0.5,0.5,1,0.975,0.925,0.65,0.425,0.25,0.15,0.1,0
98,0.5,0.5,1,0.85,0.825,0.75,0.525,0.475,0.35,0.3,0
99,0.5,0.5,1,0.825,0.775,0.575,0.475,0.25,0.1,0.05,0
100,0.5,0.5,1,0.85,0.8,0.525,0.5,0.4,0.35,0.3,0
101,0.5,0.5,1,0.775,0.575,0.45,0.4,0.275,0.225,0.1,0
102,0.5,0.5,1,0.95,0.8,0.725,0.4,0.35,0.1,0.05,0
103,0.5,0.5,1,0.975,0.825,0.775,0.425,0.325,0.1,0.05,0
104,0.5,0.5,1,0.75,0.575,0.475,0.45,0.4,0.25,0.05,0
105,0.5,0.5,1,0.8,0.7,0.675,0.375,0.325,0.175,0.125,0
106,0.5,0.5,1,0.85,0.8,0.775,0.45,0.4,0.25,0.2,0
107,0.5,0.5,1,0.975,0.925,0.8,0.7,0.65,0.275,0.05,0
108,0.5,0.5,1,0.95,0.7,0.45,0.4,0.35,0.2,0.05,0
109,0.5,0.5,1,0.775,0.55,0.45,0.4,0.275,0.175,0.05,0
110,0.5,0.5,1,0.975,0.75,0.55,0.4,0.35,0.225,0.175,0
111,0.5,0.5,1,0.825,0.775,0.725,0.425,0.3,0.225,0.175,0
112,0.5,0.5,1,0.825,0.575,0.5,0.425,0.25,0.2,0.05,0
113,0.5,0.5,1,0.85,0.55,0.475,0.375,0.2,0.15,0.05,0
114,0.5,0.5,1,0.925,0.825,0.425,0.375,0.3,0.25,0.05,0
115,0.5,0.5,1,0.975,0.825,0.55,0.4,0.35,0.175,0.125,0
116,0.5,0.5,1,0.925,0.725,0.6,0.55,0.25,0.2,0.125,0
117,0.5,0.5,1,0.85,0.8,0.725,0.625,0.3,0.175,0.05,0
118,0.5,0.5,1,0.75,0.5,0.375,0.35,0.3,0.2,0.15,0
119,0.5,0.5,1,0.875,0.6,0.55,0.4,0.25,0.2,0.05,0
120,0.5,0.5,1,0.775,0.575,0.4,0.35,0.2,0.1,0.05,0
121,0.5,0.5,1,0.85,0.825,0.475,0.35,0.225,0.1,0.05,0
122,0.5,0.5,1,0.85,0.8,0.525,0.45,0.325,0.275,0.05,0
123,0.5,0.5,1,0.875,0.575,0.45,0.4,0.35,0.225,0.05,0
124,0.5,0.5,1,0.975,0.9,0.725,0.425,0.25,0.1,0.05,0
125,0.5,0.5,1,0.85,0.8,0.775,0.45,0.3,0.1,0.05,0
126,0.5,0.5,1,0.9,0.875,0.825,0.375,0.275,0.225,0.05,0
127,0.5,0.5,1,0.875,0.85,0.5,0.45,0.325,0.225,0.175,0
128,0.5,0.5,1,0.875,0.825,0.525,0.35,0.3,0.25,0.15,0
129,0.5,0.5,1,0.875,0.575,0.475,0.325,0.225,0.175,0.125,0
130,0.5,0.5,1,0.825,0.8,0.775,0.425,0.225,0.175,0.125,0
131,0.5,0.5,1,0.875,0.5,0.425,0.3,0.2,0.15,0.05,0
132,0.5,0.5,1,0.85,0.575,0.525,0.45,0.25,0.2,0.05,0
133,0.5,0.5,1,0.825,0.775,0.725,0.7,0.3,0.125,0.075,0
134,0.5,0.5,1,0.925,0.775,0.425,0.35,0.225,0.1,0.05,0
135,0.5,0.5,1,0.825,0.575,0.45,0.35,0.3,0.175,0.05,0
136,0.5,0.5,1,0.775,0.575,0.425,0.325,0.275,0.175,0.125,0
137,0.5,0.5,1,0.825,0.55,0.45,0.425,0.275,0.1,0.05,0
138,0.5,0.5,1,0.95,0.825,0.575,0.45,0.4,0.25,0.2,0
139,0.5,0.5,1,0.95,0.925,0.8,0.475,0.325,0.275,0.225,0
140,0.5,0.5,1,0.775,0.65,0.45,0.275,0.25,0.1,0.05,0
141,0.5,0.5,1,0.975,0.85,0.825,0.425,0.325,0.275,0.05,0
142,0.5,0.5,1,0.85,0.825,0.5,0.325,0.2,0.15,0.1,0
143,0.5,0.5,1,0.95,0.875,0.6,0.425,0.325,0.1,0.05,0
144,0.5,0.5,1,0.975,0.7,0.525,0.35,0.275,0.1,0.05,0
145,0.5,0.5,1,0.825,0.8,0.525,0.425,0.375,0.225,0.05,0
146,0.5,0.5,1,0.875,0.8,0.5,0.375,0.3,0.1,0.05,0
147,0.5,0.5,1,0.975,0.8,0.425,0.375,0.3,0.2,0.15,0
148,0.5,0.5,1,0.8,0.5,0.4,0.325,0.15,0.1,0.05,0
149,0.5,0.5,1,0.825,0.8,0.575,0.45,0.275,0.225,0.05,0
150,0.5,0.5,1,0.85,0.575,0.45,0.3,0.25,0.2,0.125,0
151,0.5,0.5,1,0.825,0.775,0.475,0.425,0.375,0.325,0.175,0
152,0.5,0.5,1,0.975,0.675,0.425,0.375,0.3,0.25,0.175,0
153,0.5,0.5,1,0.975,0.775,0.725,0.475,0.425,0.275,0.175,0
154,0.5,0.5,1,0.85,0.7,0.65,0.575,0.525,0.125,0.05,0
155,0.5,0.5,1,0.975,0.825,0.55,0.35,0.275,0.1,0.05,0
156,0.5,0.5,1,0.975,0.85,0.55,0.425,0.25,0.2,0.05,0
157,0.5,0.5,1,0.95,0.875,0.85,0.55,0.425,0.25,0.05,0
158,0.5,0.5,1,0.85,0.825,0.775,0.4,0.25,0.1,0.05,0
159,0.5,0.5,1,0.85,0.75,0.575,0.4,0.2,0.15,0.05,0
160,0.5,0.5,1,0.875,0.575,0.5,0.35,0.225,0.1,0.05,0
161,0.5,0.5,1,0.825,0.8,0.45,0.4,0.275,0.175,0.05,0
162,0.5,0.5,1,0.85,0.825,0.4,0.325,0.275,0.175,0.125,0
163,0.5,0.5,1,0.825,0.625,0.525,0.475,0.25,0.15,0.1,0
164,0.5,0.5,1,0.825,0.6,0.45,0.425,0.225,0.175,0.05,0
165,0.5,0.5,1,0.85,0.8,0.775,0.7,0.3,0.1,0.05,0
166,0.5,0.5,1,0.8,0.675,0.55,0.5,0.425,0.225,0.175,0
167,0.5,0.5,1,0.975,0.825,0.75,0.675,0.35,0.1,0.05,0
168,0.5,0.5,1,0.85,0.8,0.75,0.45,0.375,0.175,0.05,0
169,0.5,0.5,1,0.925,0.75,0.475,0.4,0.3,0.1,0.05,0
170,0.5,0.5,1,0.975,0.8,0.625,0.5,0.375,0.1,0.05,0
171,0.5,0.5,1,0.825,0.75,0.725,0.675,0.6,0.55,0.05,0
172,0.5,0.5,1,0.875,0.825,0.75,0.325,0.25,0.2,0.05,0
173,0.5,0.5,1,0.85,0.775,0.725,0.675,0.625,0.575,0.225,0
174,0.5,0.5,1,0.8,0.675,0.475,0.375,0.3,0.25,0.2,0
175,0.5,0.5,1,0.75,0.575,0.5,0.325,0.275,0.125,0.05,0
176,0.5,0.5,1,0.775,0.7,0.475,0.4,0.35,0.3,0.15,0
177,0.5,0.5,1,0.85,0.525,0.425,0.25,0.2,0.15,0.025,0
178,0.5,0.5,1,0.975,0.85,0.75,0.65,0.3,0.25,0.2,0
179,0.5,0.5,1,0.85,0.825,0.55,0.425,0.375,0.225,0.05,0
180,0.5,0.5,1,0.85,0.6,0.45,0.275,0.15,0.1,0.05,0
181,0.5,0.5,1,0.7,0.6,0.45,0.375,0.325,0.275,0.175,0
182,0.5,0.5,1,0.975,0.825,0.725,0.325,0.225,0.1,0.05,0
183,0.5,0.5,1,0.75,0.625,0.525,0.325,0.225,0.175,0.125,0
184,0.5,0.5,1,0.9,0.65,0.5,0.35,0.25,0.1,0.05,0
185,0.5,0.5,1,0.875,0.85,0.775,0.425,0.25,0.2,0.15,0
186,0.5,0.5,1,0.825,0.55,0.5,0.375,0.225,0.1,0.05,0
187,0.5,0.5,1,0.975,0.925,0.675,0.45,0.3,0.1,0.05,0
188,0.5,0.5,1,0.8,0.475,0.35,0.275,0.225,0.1,0.05,0
189,0.5,0.5,1,0.85,0.5,0.425,0.275,0.225,0.1,0.05,0
190,0.5,0.5,1,0.775,0.525,0.45,0.3,0.25,0.2,0.05,0
191,0.5,0.5,1,0.85,0.825,0.775,0.7,0.225,0.125,0.05,0
192,0.5,0.5,1,0.875,0.825,0.775,0.7,0.675,0.65,0.15,0
193,0.5,0.5,1,0.825,0.625,0.45,0.35,0.3,0.175,0.05,0
194,0.5,0.5,1,0.975,0.85,0.775,0.675,0.25,0.2,0.05,0
195,0.5,0.5,1,0.825,0.575,0.45,0.425,0.325,0.1,0.05,0
196,0.5,0.5,1,0.975,0.8,0.475,0.425,0.325,0.2,0.15,0
197,0.5,0.5,1,0.975,0.8,0.475,0.425,0.3,0.175,0.05,0
198,0.5,0.5,1,0.975,0.95,0.725,0.325,0.275,0.175,0.05,0
199,0.5,0.5,1,0.8,0.6,0.45,0.375,0.325,0.275,0.05,0
200,0.5,0.5,1,0.775,0.6,0.475,0.425,0.3,0.1,0.05,0
201,0.5,0.5,1,0.85,0.825,0.775,0.725,0.65,0.6,0.125,0
202,0.5,0.5,1,0.8,0.575,0.45,0.4,0.35,0.25,0.05,0
203,0.5,0.5,1,0.85,0.55,0.5,0.35,0.225,0.125,0.075,0
204,0.5,0.5,1,0.825,0.775,0.75,0.45,0.35,0.175,0.05,0
205,0.5,0.5,1,0.925,0.9,0.65,0.6,0.275,0.225,0.05,0
206,0.5,0.5,1,0.8,0.525,0.375,0.275,0.225,0.175,0.075,0
207,0.5,0.5,1,0.9,0.75,0.725,0.375,0.25,0.2,0.05,0
208,0.5,0.5,1,0.875,0.6,0.45,0.375,0.25,0.2,0.05,0
209,0.5,0.5,1,0.85,0.825,0.775,0.4,0.35,0.25,0.05,0
210,0.5,0.5,1,0.925,0.875,0.85,0.775,0.725,0.575,0.175,0
211,0.5,0.5,1,0.825,0.775,0.475,0.45,0.3,0.1,0.05,0
212,0.5,0.5,1,0.925,0.725,0.45,0.375,0.225,0.175,0.05,0
213,0.5,0.5,1,0.85,0.6,0.45,0.35,0.275,0.1,0.05,0
214,0.5,0.5,1,0.975,0.7,0.5,0.45,0.275,0.225,0.05,0
215,0.5,0.5,1,0.95,0.875,0.675,0.65,0.3,0.15,0.05,0
216,0.5,0.5,1,0.825,0.75,0.425,0.35,0.3,0.25,0.1,0
217,0.5,0.5,1,0.875,0.8,0.425,0.35,0.3,0.225,0.05,0
218,0.5,0.5,1,0.875,0.775,0.525,0.375,0.325,0.175,0.05,0
219,0.5,0.5,1,0.825,0.775,0.75,0.425,0.3,0.175,0.05,0
220,0.5,0.5,1,0.775,0.725,0.55,0.425,0.275,0.225,0.05,0
221,0.5,0.5,1,0.825,0.525,0.425,0.35,0.2,0.1,0.05,0
222,0.5,0.5,1,0.85,0.55,0.475,0.45,0.25,0.2,0.15,0
223,0.5,0.5,1,0.875,0.65,0.6,0.475,0.35,0.3,0.175,0
224,0.5,0.5,1,0.825,0.6,0.475,0.425,0.3,0.25,0.15,0
225,0.5,0.5,1,0.925,0.75,0.675,0.625,0.575,0.525,0.225,0
226,0.5,0.5,1,0.975,0.95,0.9,0.7,0.65,0.3,0.05,0
227,0.5,0.5,1,0.875,0.625,0.475,0.3,0.225,0.1,0.05,0
228,0.5,0.5,1,0.875,0.5,0.45,0.35,0.25,0.15,0.1,0
229,0.5,0.5,1,0.925,0.875,0.85,0.675,0.425,0.225,0.05,0
230,0.5,0.5,1,0.825,0.8,0.525,0.35,0.225,0.1,0.05,0
231,0.5,0.5,1,0.85,0.8,0.5,0.35,0.225,0.125,0.05,0
232,0.5,0.5,1,0.875,0.75,0.5,0.475,0.275,0.1,0.05,0
233,0.5,0.5,1,0.85,0.55,0.425,0.3,0.25,0.15,0.05,0
234,0.5,0.5,1,0.825,0.575,0.4,0.35,0.25,0.2,0.15,0
235,0.5,0.5,1,0.75,0.525,0.475,0.375,0.275,0.15,0.05,0
236,0.5,0.5,1,0.825,0.8,0.75,0.675,0.65,0.25,0.2,0
237,0.5,0.5,1,0.975,0.775,0.725,0.45,0.325,0.1,0.05,0
238,0.5,0.5,1,0.875,0.85,0.8,0.75,0.475,0.425,0.3,0
239,0.5,0.5,1,0.975,0.75,0.6,0.4,0.35,0.225,0.05,0
240,0.5,0.5,1,0.85,0.5,0.425,0.375,0.325,0.2,0.15,0
241,0.5,0.5,1,0.875,0.85,0.8,0.75,0.375,0.25,0.2,0
242,0.5,0.5,1,0.95,0.725,0.65,0.575,0.3,0.25,0.2,0
243,0.5,0.5,1,0.975,0.925,0.85,0.725,0.375,0.225,0.05,0
244,0.5,0.5,1,0.875,0.775,0.45,0.35,0.275,0.225,0.05,0
245,0.5,0.5,1,0.95,0.8,0.45,0.325,0.3,0.175,0.05,0
246,0.5,0.5,1,0.95,0.75,0.5,0.375,0.3,0.175,0.125,0
247,0.5,0.5,1,0.875,0.825,0.7,0.35,0.3,0.2,0.15,0
248,0.5,0.5,1,0.925,0.675,0.4,0.35,0.25,0.2,0.05,0
249,0.5,0.5,1,0.8,0.5,0.375,0.275,0.225,0.1,0.05,0
250,0.5,0.5,1,0.8,0.775,0.5,0.45,0.35,0.2,0.15,0
251,0.5,0.5,1,0.75,0.7,0.675,0.5,0.375,0.225,0.05,0
252,0.5,0.5,1,0.85,0.8,0.675,0.325,0.25,0.125,0.05,0
253,0.5,0.5,1,0.8,0.625,0.525,0.475,0.25,0.1,0.05,0
254,0.5,0.5,1,0.8,0.725,0.675,0.4,0.2,0.15,0.05,0
255,0.5,0.5,1,0.875,0.75,0.7,0.65,0.275,0.175,0.125,0
256,0.5,0.5,1,0.825,0.675,0.45,0.4,0.25,0.1,0.05,0
257,0.5,0.5,1,0.95,0.7,0.575,0.45,0.275,0.15,0.1,0
258,0.5,0.5,1,0.975,0.775,0.7,0.525,0.475,0.325,0.05,0
259,0.5,0.5,1,0.925,0.775,0.75,0.675,0.625,0.1,0.05,0
260,0.5,0.5,1,0.975,0.8,0.75,0.45,0.325,0.225,0.05,0
261,0.5,0.5,1,0.85,0.825,0.775,0.45,0.4,0.275,0.05,0
262,0.5,0.5,1,0.775,0.725,0.675,0.375,0.325,0.2,0.15,0
263,0.5,0.5,1,0.875,0.775,0.75,0.725,0.275,0.1,0.05,0
264,0.5,0.5,1,0.875,0.6,0.45,0.4,0.2,0.15,0.05,0
265,0.5,0.5,1,0.875,0.575,0.525,0.425,0.275,0.225,0.05,0
266,0.5,0.5,1,0.825,0.5,0.475,0.35,0.275,0.225,0.175,0
267,0.5,0.5,1,0.85,0.575,0.525,0.425,0.225,0.175,0.05,0
268,0.5,0.5,1,0.8,0.525,0.475,0.35,0.3,0.175,0.05,0
269,0.5,0.5,1,0.875,0.8,0.5,0.475,0.325,0.275,0.225,0
270,0.5,0.5,1,0.975,0.875,0.675,0.625,0.575,0.225,0.15,0
271,0.5,0.5,1,0.9,0.775,0.45,0.35,0.3,0.15,0.05,0
272,0.5,0.5,1,0.8,0.775,0.725,0.45,0.325,0.275,0.05,0
273,0.5,0.5,1,0.75,0.525,0.475,0.35,0.275,0.225,0.05,0
274,0.5,0.5,1,0.8,0.6,0.525,0.425,0.375,0.225,0.175,0
275,0.5,0.5,1,0.825,0.725,0.5,0.375,0.3,0.25,0.05,0
276,0.5,0.5,1,0.825,0.775,0.55,0.4,0.35,0.2,0.05,0
277,0.5,0.5,1,0.75,0.575,0.45,0.375,0.25,0.1,0.05,0
278,0.5,0.5,1,0.975,0.9,0.6,0.35,0.3,0.25,0.2,0
279,0.5,0.5,1,0.8,0.725,0.525,0.35,0.25,0.2,0.05,0
280,0.5,0.5,1,0.975,0.875,0.525,0.475,0.375,0.275,0.225,0
281,0.5,0.5,1,0.825,0.8,0.45,0.35,0.3,0.175,0.125,0
282,0.5,0.5,1,0.85,0.55,0.4,0.325,0.275,0.175,0.125,0
283,0.5,0.5,1,0.975,0.95,0.775,0.5,0.35,0.1,0.05,0
284,0.5,0.5,1,0.85,0.7,0.6,0.55,0.4,0.3,0.25,0
285,0.5,0.5,1,0.925,0.8,0.775,0.725,0.3,0.1,0.05,0
286,0.5,0.5,1,0.875,0.625,0.5,0.325,0.175,0.1,0.05,0
287,0.5,0.5,1,0.8,0.775,0.7,0.65,0.35,0.225,0.05,0
288,0.5,0.5,1,0.85,0.55,0.475,0.425,0.275,0.2,0.15,0
289,0.5,0.5,1,0.85,0.525,0.4,0.275,0.225,0.175,0.125,0
290,0.5,0.5,1,0.925,0.9,0.825,0.8,0.425,0.1,0.05,0
291,0.5,0.5,1,0.975,0.775,0.725,0.425,0.375,0.225,0.05,0
292,0.5,0.5,1,0.85,0.825,0.75,0.675,0.575,0.1,0.05,0
293,0.5,0.5,1,0.825,0.725,0.675,0.375,0.175,0.1,0.05,0
294,0.5,0.5,1,0.95,0.8,0.775,0.725,0.425,0.225,0.175,0
295,0.5,0.5,1,0.775,0.55,0.525,0.45,0.325,0.1,0.05,0
296,0.5,0.5,1,0.8,0.65,0.5,0.425,0.275,0.1,0.05,0
297,0.5,0.5,1,0.85,0.825,0.475,0.425,0.3,0.2,0.15,0
298,0.5,0.5,1,0.95,0.925,0.75,0.4,0.275,0.15,0.1,0
299,0.5,0.5,1,0.85,0.8,0.775,0.475,0.225,0.1,0.05,0
300,0.5,0.5,1,0.825,0.575,0.45,0.3,0.225,0.1,0.05,0
301,0.5,0.5,1,0.875,0.825,0.775,0.75,0.675,0.625,0.05,0
302,0.5,0.5,1,0.975,0.675,0.625,0.45,0.3,0.225,0.175,0
303,0.5,0.5,1,0.825,0.8,0.725,0.7,0.3,0.1,0.05,0
304,0.5,0.5,1,0.95,0.8,0.775,0.425,0.375,0.325,0.175,0
305,0.5,0.5,1,0.825,0.55,0.45,0.325,0.25,0.2,0.05,0
306,0.5,0.5,1,0.825,0.775,0.75,0.575,0.4,0.225,0.175,0
307,0.5,0.5,1,0.85,0.775,0.75,0.7,0.3,0.1,0.05,0
308,0.5,0.5,1,0.7,0.575,0.55,0.5,0.425,0.2,0.05,0
309,0.5,0.5,1,0.825,0.575,0.525,0.325,0.225,0.1,0.05,0
310,0.5,0.5,1,0.925,0.9,0.55,0.375,0.325,0.2,0.05,0
311,0.5,0.5,1,0.85,0.825,0.775,0.5,0.425,0.275,0.225,0
312,0.5,0.5,1,0.9,0.875,0.525,0.4,0.35,0.3,0.225,0
313,0.5,0.5,1,0.975,0.75,0.575,0.45,0.4,0.3,0.25,0
314,0.5,0.5,1,0.8,0.75,0.725,0.7,0.575,0.525,0.15,0
315,0.5,0.5,1,0.975,0.7,0.525,0.475,0.35,0.1,0.05,0
316,0.5,0.5,1,0.9,0.6,0.475,0.325,0.275,0.15,0.05,0
317,0.5,0.5,1,0.925,0.75,0.725,0.65,0.6,0.575,0.05,0
318,0.5,0.5,1,0.8,0.65,0.55,0.4,0.35,0.325,0.05,0
319,0.5,0.5,1,0.875,0.525,0.425,0.3,0.25,0.175,0.05,0
320,0.5,0.5,1,0.8,0.575,0.475,0.425,0.3,0.25,0.125,0
321,0.5,0.5,1,0.85,0.8,0.725,0.35,0.3,0.225,0.05,0
322,0.5,0.5,1,0.85,0.725,0.675,0.425,0.325,0.275,0.225,0
323,0.5,0.5,1,0.975,0.825,0.8,0.675,0.35,0.3,0.05,0
324,0.5,0.5,1,0.875,0.825,0.7,0.375,0.275,0.1,0.05,0
325,0.5,0.5,1,0.975,0.925,0.8,0.45,0.4,0.325,0.05,0
326,0.5,0.5,1,0.7,0.6,0.35,0.3,0.25,0.2,0.1,0
327,0.5,0.5,1,0.85,0.8,0.75,0.625,0.575,0.475,0.425,0
328,0.5,0.5,1,0.9,0.875,0.55,0.45,0.25,0.1,0.05,0
329,0.5,0.5,1,0.825,0.775,0.75,0.375,0.275,0.1,0.05,0
330,0.5,0.5,1,0.925,0.775,0.525,0.375,0.225,0.175,0.125,0
331,0.5,0.5,1,0.85,0.575,0.45,0.375,0.2,0.15,0.05,0
332,0.5,0.5,1,0.9,0.875,0.85,0.525,0.425,0.1,0.05,0
333,0.5,0.5,1,0.9,0.55,0.475,0.35,0.3,0.2,0.05,0
334,0.5,0.5,1,0.825,0.75,0.725,0.475,0.3,0.25,0.2,0
335,0.5,0.5,1,0.975,0.75,0.55,0.4,0.275,0.225,0.05,0
336,0.5,0.5,1,0.875,0.8,0.775,0.7,0.65,0.25,0.2,0
337,0.5,0.5,1,0.95,0.825,0.475,0.35,0.3,0.175,0.1,0
338,0.5,0.5,1,0.75,0.55,0.45,0.3,0.25,0.175,0.05,0
339,0.5,0.5,1,0.975,0.65,0.475,0.325,0.15,0.1,0.05,0
340,0.5,0.5,1,0.825,0.775,0.7,0.6,0.25,0.15,0.05,0
341,0.5,0.5,1,0.8,0.75,0.65,0.35,0.25,0.2,0.15,0
342,0.5,0.5,1,0.85,0.8,0.75,0.725,0.3,0.25,0.2,0
343,0.5,0.5,1,0.9,0.825,0.55,0.5,0.325,0.175,0.05,0
344,0.5,0.5,1,0.95,0.925,0.75,0.7,0.425,0.25,0.05,0
345,0.5,0.5,1,0.95,0.85,0.525,0.5,0.45,0.275,0.05,0
346,0.5,0.5,1,0.85,0.575,0.5,0.375,0.325,0.225,0.05,0
347,0.5,0.5,1,0.875,0.85,0.55,0.425,0.3,0.1,0.05,0
348,0.5,0.5,1,0.825,0.75,0.725,0.5,0.375,0.1,0.05,0
349,0.5,0.5,1,0.9,0.725,0.625,0.575,0.55,0.175,0.05,0
350,0.5,0.5,1,0.85,0.575,0.45,0.35,0.3,0.25,0.05,0
351,0.5,0.5,1,0.8,0.625,0.5,0.375,0.275,0.225,0.05,0
352,0.5,0.5,1,0.775,0.725,0.525,0.375,0.225,0.175,0.125,0
353,0.5,0.5,1,0.8,0.625,0.525,0.475,0.2,0.1,0.05,0
354,0.5,0.5,1,0.975,0.85,0.8,0.45,0.35,0.25,0.05,0
355,0.5,0.5,1,0.975,0.775,0.725,0.65,0.325,0.1,0.05,0
356,0.5,0.5,1,0.9,0.8,0.5,0.45,0.375,0.25,0.05,0
357,0.5,0.5,1,0.85,0.6,0.475,0.45,0.35,0.1,0.05,0
358,0.5,0.5,1,0.975,0.925,0.7,0.425,0.3,0.25,0.2,0
359,0.5,0.5,1,0.875,0.5,0.4,0.35,0.225,0.075,0.05,0
360,0.5,0.5,1,0.85,0.8,0.45,0.275,0.225,0.175,0.05,0
361,0.5,0.5,1,0.975,0.75,0.725,0.4,0.225,0.1,0.05,0
362,0.5,0.5,1,0.725,0.55,0.5,0.45,0.375,0.275,0.05,0
363,0.5,0.5,1,0.825,0.775,0.725,0.625,0.575,0.25,0.05,0
364,0.5,0.5,1,0.925,0.75,0.4,0.325,0.275,0.175,0.125,0
365,0.5,0.5,1,0.975,0.875,0.475,0.35,0.25,0.1,0.05,0
366,0.5,0.5,1,0.975,0.75,0.7,0.475,0.375,0.325,0.2,0
367,0.5,0.5,1,0.725,0.525,0.475,0.4,0.275,0.15,0.05,0
368,0.5,0.5,1,0.85,0.775,0.725,0.65,0.275,0.1,0.05,0
369,0.5,0.5,1,0.9,0.85,0.6,0.575,0.45,0.25,0.05,0
370,0.5,0.5,1,0.85,0.775,0.725,0.35,0.3,0.15,0.1,0
371,0.5,0.5,1,0.975,0.825,0.55,0.4,0.35,0.3,0.15,0
372,0.5,0.5,1,0.925,0.9,0.725,0.65,0.35,0.3,0.25,0
373,0.5,0.5,1,0.825,0.525,0.475,0.375,0.225,0.175,0.125,0
374,0.5,0.5,1,0.775,0.625,0.6,0.525,0.275,0.225,0.175,0
375,0.5,0.5,1,0.825,0.575,0.475,0.425,0.375,0.2,0.15,0
376,0.5,0.5,1,0.925,0.75,0.425,0.375,0.275,0.225,0.1,0
377,0.5,0.5,1,0.975,0.7,0.625,0.525,0.475,0.275,0.05,0
378,0.5,0.5,1,0.875,0.825,0.7,0.675,0.325,0.225,0.175,0
379,0.5,0.5,1,0.825,0.775,0.725,0.675,0.275,0.2,0.075,0
380,0.5,0.5,1,0.975,0.95,0.8,0.475,0.35,0.3,0.25,0
381,0.5,0.5,1,0.775,0.625,0.425,0.4,0.3,0.1,0.05,0
382,0.5,0.5,1,0.75,0.7,0.675,0.425,0.325,0.275,0.225,0
383,0.5,0.5,1,0.85,0.8,0.675,0.325,0.275,0.225,0.175,0
384,0.5,0.5,1,0.875,0.825,0.5,0.425,0.2,0.1,0.05,0
385,0.5,0.5,1,0.825,0.675,0.625,0.575,0.475,0.3,0.075,0
386,0.5,0.5,1,0.85,0.8,0.45,0.4,0.35,0.225,0.05,0
387,0.5,0.5,1,0.975,0.925,0.55,0.325,0.275,0.1,0.05,0
388,0.5,0.5,1,0.85,0.775,0.725,0.325,0.25,0.2,0.05,0
389,0.5,0.5,1,0.825,0.6,0.475,0.4,0.2,0.1,0.05,0
390,0.5,0.5,1,0.975,0.825,0.525,0.45,0.3,0.25,0.05,0
391,0.5,0.5,1,0.85,0.575,0.45,0.325,0.275,0.2,0.15,0
392,0.5,0.5,1,0.775,0.575,0.425,0.275,0.2,0.15,0.05,0
393,0.5,0.5,1,0.775,0.575,0.45,0.375,0.275,0.1,0.05,0
394,0.5,0.5,1,0.8,0.65,0.575,0.425,0.375,0.25,0.05,0
395,0.5,0.5,1,0.825,0.575,0.425,0.35,0.3,0.175,0.05,0
396,0.5,0.5,1,0.75,0.525,0.5,0.375,0.325,0.2,0.05,0
397,0.5,0.5,1,0.85,0.775,0.45,0.325,0.275,0.15,0.05,0
398,0.5,0.5,1,0.775,0.65,0.525,0.475,0.35,0.3,0.15,0
399,0.5,0.5,1,0.975,0.775,0.525,0.375,0.275,0.1,0.05,0
400,0.5,0.5,1,0.95,0.8,0.7,0.4,0.35,0.3,0.1,0
401,0.5,0.5,1,0.8,0.75,0.55,0.525,0.425,0.275,0.05,0
402,0.5,0.5,1,0.875,0.85,0.775,0.7,0.325,0.275,0.05,0
403,0.5,0.5,1,0.975,0.825,0.55,0.45,0.35,0.3,0.25,0
404,0.5,0.5,1,0.875,0.825,0.75,0.7,0.325,0.275,0.225,0
405,0.5,0.5,1,0.975,0.675,0.5,0.25,0.225,0.175,0.05,0
406,0.5,0.5,1,0.9,0.6,0.575,0.45,0.325,0.275,0.225,0
407,0.5,0.5,1,0.725,0.55,0.425,0.375,0.275,0.15,0.05,0
408,0.5,0.5,1,0.85,0.8,0.525,0.4,0.25,0.2,0.15,0
409,0.5,0.5,1,0.75,0.525,0.425,0.4,0.35,0.2,0.15,0
410,0.5,0.5,1,0.8,0.775,0.525,0.425,0.275,0.225,0.175,0
411,0.5,0.5,1,0.95,0.925,0.85,0.55,0.475,0.25,0.2,0
412,0.5,0.5,1,0.825,0.75,0.7,0.675,0.325,0.275,0.05,0
413,0.5,0.5,1,0.85,0.75,0.45,0.375,0.325,0.175,0.125,0
414,0.5,0.5,1,0.875,0.825,0.5,0.45,0.35,0.225,0.05,0
415,0.5,0.5,1,0.75,0.575,0.55,0.5,0.375,0.3,0.05,0
416,0.5,0.5,1,0.875,0.825,0.55,0.5,0.45,0.325,0.15,0
417,0.5,0.5,1,0.825,0.55,0.475,0.375,0.25,0.1,0.05,0
418,0.5,0.5,1,0.9,0.55,0.425,0.375,0.325,0.2,0.05,0
419,0.5,0.5,1,0.75,0.7,0.525,0.475,0.275,0.225,0.05,0
420,0.5,0.5,1,0.875,0.825,0.775,0.475,0.4,0.25,0.05,0
421,0.5,0.5,1,0.975,0.875,0.65,0.375,0.325,0.125,0.05,0
422,0.5,0.5,1,0.85,0.775,0.5,0.35,0.175,0.1,0.05,0
423,0.5,0.5,1,0.925,0.775,0.475,0.425,0.3,0.1,0.05,0
424,0.5,0.5,1,0.975,0.8,0.775,0.4,0.35,0.2,0.05,0
425,0.5,0.5,1,0.85,0.8,0.725,0.375,0.3,0.25,0.2,0
426,0.5,0.5,1,0.875,0.6,0.5,0.45,0.35,0.3,0.225,0
427,0.5,0.5,1,0.925,0.8,0.45,0.35,0.3,0.15,0.05,0
428,0.5,0.5,1,0.975,0.95,0.9,0.7,0.3,0.1,0.05,0
429,0.5,0.5,1,0.85,0.625,0.6,0.45,0.25,0.2,0.15,0
430,0.5,0.5,1,0.975,0.825,0.5,0.325,0.225,0.175,0.125,0
431,0.5,0.5,1,0.8,0.525,0.425,0.275,0.225,0.1,0.05,0
432,0.5,0.5,1,0.95,0.925,0.9,0.575,0.5,0.3,0.25,0
433,0.5,0.5,1,0.825,0.55,0.5,0.4,0.275,0.225,0.175,0
434,0.5,0.5,1,0.8,0.775,0.425,0.3,0.25,0.2,0.15,0
435,0.5,0.5,1,0.8,0.775,0.475,0.425,0.375,0.325,0.225,0
436,0.5,0.5,1,0.85,0.55,0.475,0.425,0.25,0.1,0.05,0
437,0.5,0.5,1,0.8,0.575,0.525,0.475,0.35,0.225,0.175,0
438,0.5,0.5,1,0.85,0.8,0.75,0.65,0.25,0.2,0.05,0
439,0.5,0.5,1,0.775,0.7,0.425,0.3,0.2,0.15,0.05,0
440,0.5,0.5,1,0.9,0.8,0.475,0.325,0.225,0.1,0.05,0
441,0.5,0.5,1,0.925,0.6,0.575,0.5,0.325,0.275,0.225,0
442,0.5,0.5,1,0.85,0.575,0.45,0.325,0.275,0.1,0.05,0
443,0.5,0.5,1,0.825,0.525,0.45,0.4,0.275,0.225,0.175,0
444,0.5,0.5,1,0.75,0.65,0.475,0.4,0.35,0.1,0.05,0
445,0.5,0.5,1,0.975,0.85,0.775,0.425,0.375,0.2,0.15,0
446,0.5,0.5,1,0.85,0.6,0.55,0.5,0.425,0.3,0.25,0
447,0.5,0.5,1,0.875,0.825,0.8,0.675,0.625,0.275,0.05,0
448,0.5,0.5,1,0.85,0.575,0.525,0.425,0.3,0.225,0.05,0
449,0.5,0.5,1,0.85,0.55,0.425,0.35,0.225,0.175,0.05,0
450,0.5,0.5,1,0.95,0.875,0.65,0.35,0.2,0.15,0.05,0
451,0.5,0.5,1,0.95,0.75,0.7,0.35,0.3,0.2,0.15,0
452,0.5,0.5,1,0.75,0.525,0.45,0.325,0.2,0.15,0.05,0
453,0.5,0.5,1,0.85,0.825,0.725,0.325,0.175,0.1,0.05,0
454,0.5,0.5,1,0.825,0.65,0.475,0.3,0.25,0.175,0.125,0
455,0.5,0.5,1,0.775,0.6,0.475,0.4,0.35,0.2,0.15,0
456,0.5,0.5,1,0.9,0.65,0.525,0.35,0.3,0.125,0.075,0
457,0.5,0.5,1,0.7,0.65,0.45,0.325,0.275,0.225,0.05,0
458,0.5,0.5,1,0.7,0.65,0.425,0.4,0.25,0.1,0.05,0
459,0.5,0.5,1,0.825,0.525,0.4,0.3,0.2,0.1,0.05,0
460,0.5,0.5,1,0.975,0.85,0.5,0.45,0.4,0.35,0.175,0
461,0.5,0.5,1,0.85,0.725,0.675,0.625,0.275,0.2,0.05,0
462,0.5,0.5,1,0.85,0.825,0.775,0.7,0.45,0.3,0.05,0
463,0.5,0.5,1,0.75,0.675,0.6,0.35,0.275,0.225,0.175,0
464,0.5,0.5,1,0.95,0.775,0.5,0.4,0.275,0.2,0.05,0
465,0.5,0.5,1,0.875,0.825,0.5,0.4,0.35,0.3,0.225,0
466,0.5,0.5,1,0.85,0.775,0.75,0.425,0.275,0.1,0.05,0
467,0.5,0.5,1,0.875,0.5,0.35,0.3,0.25,0.125,0.05,0
468,0.5,0.5,1,0.8,0.65,0.625,0.525,0.325,0.275,0.225,0
469,0.5,0.5,1,0.875,0.825,0.8,0.725,0.3,0.1,0.05,0
470,0.5,0.5,1,0.975,0.85,0.575,0.475,0.425,0.375,0.225,0
471,0.5,0.5,1,0.85,0.825,0.7,0.65,0.6,0.275,0.05,0
472,0.5,0.5,1,0.825,0.625,0.525,0.475,0.325,0.275,0.225,0
473,0.5,0.5,1,0.85,0.575,0.425,0.375,0.25,0.175,0.125,0
474,0.5,0.5,1,0.8,0.6,0.5,0.3,0.25,0.1,0.05,0
475,0.5,0.5,1,0.825,0.775,0.475,0.425,0.325,0.225,0.05,0
476,0.5,0.5,1,0.9,0.65,0.575,0.425,0.35,0.3,0.25,0
477,0.5,0.5,1,0.975,0.75,0.675,0.375,0.2,0.15,0.05,0
478,0.5,0.5,1,0.9,0.575,0.45,0.3,0.25,0.2,0.05,0
479,0.5,0.5,1,0.875,0.85,0.45,0.35,0.25,0.2,0.05,0
480,0.5,0.5,1,0.725,0.675,0.55,0.5,0.3,0.25,0.2,0
481,0.5,0.5,1,0.925,0.8,0.75,0.725,0.35,0.1,0.05,0
482,0.5,0.5,1,0.825,0.75,0.7,0.35,0.25,0.15,0.05,0
483,0.5,0.5,1,0.975,0.825,0.5,0.4,0.3,0.25,0.2,0
484,0.5,0.5,1,0.8,0.6,0.425,0.3,0.25,0.175,0.125,0
485,0.5,0.5,1,0.875,0.825,0.775,0.4,0.25,0.15,0.05,0
486,0.5,0.5,1,0.975,0.825,0.725,0.675,0.375,0.275,0.05,0
487,0.5,0.5,1,0.975,0.8,0.725,0.7,0.35,0.3,0.25,0
488,0.5,0.5,1,0.95,0.725,0.675,0.525,0.325,0.225,0.05,0
489,0.5,0.5,1,0.85,0.825,0.425,0.275,0.175,0.125,0.05,0
490,0.5,0.5,1,0.725,0.625,0.575,0.4,0.175,0.15,0.05,0
491,0.5,0.5,1,0.85,0.55,0.425,0.375,0.3,0.2,0.05,0
492,0.5,0.5,1,0.725,0.525,0.475,0.35,0.325,0.25,0.2,0
493,0.5,0.5,1,0.725,0.575,0.425,0.375,0.325,0.3,0.15,0
494,0.5,0.5,1,0.975,0.825,0.525,0.4,0.3,0.25,0.2,0
495,0.5,0.5,1,0.925,0.875,0.85,0.6,0.375,0.15,0.1,0
496,0.5,0.5,1,0.85,0.825,0.475,0.35,0.225,0.175,0.05,0
497,0.5,0.5,1,0.8,0.625,0.5,0.475,0.3,0.1,0.05,0
498,0.5,0.5,1,0.825,0.5,0.425,0.3,0.25,0.2,0.05,0
499,0.5,0.5,1,0.9,0.75,0.7,0.425,0.275,0.2,0.05,0
500,0.5,0.5,1,0.775,0.65,0.45,0.4,0.35,0.3,0.05,0
1,0.5,1,1,0.925,0.9,0.825,0.675,0.625,0.475,0.425,0
2,0.5,1,1,0.975,0.875,0.85,0.65,0.5,0.1,0.05,0
3,0.5,1,1,0.925,0.8,0.775,0.7,0.65,0.4,0.05,0
4,0.5,1,1,0.9,0.75,0.7,0.675,0.5,0.1,0.05,0
5,0.5,1,1,0.9,0.75,0.7,0.675,0.575,0.525,0.475,0
6,0.5,1,1,0.975,0.875,0.7,0.625,0.55,0.1,0.05,0
7,0.5,1,1,0.975,0.875,0.85,0.825,0.75,0.7,0.05,0
8,0.5,1,1,0.975,0.875,0.85,0.6,0.475,0.425,0.05,0
9,0.5,1,1,0.975,0.925,0.825,0.8,0.625,0.425,0.05,0
10,0.5,1,1,0.975,0.95,0.85,0.625,0.5,0.45,0.05,0
11,0.5,1,1,0.9,0.875,0.85,0.8,0.625,0.45,0.4,0
12,0.5,1,1,0.9,0.875,0.725,0.675,0.625,0.45,0.05,0
13,0.5,1,1,0.975,0.85,0.725,0.675,0.65,0.475,0.05,0
14,0.5,1,1,0.95,0.85,0.825,0.65,0.625,0.575,0.425,0
15,0.5,1,1,0.975,0.875,0.7,0.6,0.55,0.45,0.4,0
16,0.5,1,1,0.9,0.875,0.825,0.65,0.6,0.575,0.425,0
17,0.5,1,1,0.975,0.875,0.725,0.625,0.475,0.425,0.375,0
18,0.5,1,1,0.9,0.85,0.825,0.8,0.6,0.55,0.4,0
19,0.5,1,1,0.975,0.85,0.725,0.675,0.6,0.55,0.5,0
20,0.5,1,1,0.95,0.925,0.825,0.775,0.75,0.55,0.4,0
21,0.5,1,1,0.9,0.775,0.725,0.675,0.575,0.1,0.05,0
22,0.5,1,1,0.9,0.875,0.8,0.6,0.55,0.5,0.35,0
23,0.5,1,1,0.9,0.875,0.725,0.675,0.625,0.475,0.425,0
24,0.5,1,1,0.9,0.85,0.7,0.65,0.625,0.525,0.35,0
25,0.5,1,1,0.975,0.825,0.7,0.675,0.5,0.1,0.05,0
26,0.5,1,1,0.9,0.85,0.7,0.675,0.525,0.475,0.425,0
27,0.5,1,1,0.9,0.875,0.85,0.65,0.45,0.1,0.05,0
28,0.5,1,1,0.9,0.85,0.825,0.625,0.6,0.45,0.4,0
29,0.5,1,1,0.9,0.8,0.7,0.675,0.6,0.55,0.05,0
30,0.5,1,1,0.9,0.8,0.75,0.7,0.65,0.45,0.4,0
31,0.5,1,1,0.9,0.875,0.725,0.675,0.5,0.1,0.05,0
32,0.5,1,1,0.925,0.8,0.775,0.725,0.6,0.45,0.4,0
33,0.5,1,1,0.975,0.875,0.8,0.775,0.45,0.4,0.05,0
34,0.5,1,1,0.9,0.775,0.7,0.6,0.45,0.4,0.35,0
35,0.5,1,1,0.975,0.85,0.8,0.625,0.6,0.475,0.425,0
36,0.5,1,1,0.9,0.875,0.85,0.8,0.6,0.45,0.4,0
37,0.5,1,1,0.9,0.875,0.675,0.625,0.6,0.55,0.4,0
38,0.5,1,1,0.9,0.875,0.7,0.675,0.625,0.45,0.4,0
39,0.5,1,1,0.875,0.775,0.725,0.675,0.5,0.45,0.4,0
40,0.5,1,1,0.9,0.8,0.75,0.725,0.55,0.1,0.05,0
41,0.5,1,1,0.925,0.825,0.775,0.7,0.5,0.45,0.05,0
42,0.5,1,1,0.9,0.75,0.7,0.65,0.6,0.5,0.05,0
43,0.5,1,1,0.975,0.875,0.85,0.825,0.5,0.1,0.05,0
44,0.5,1,1,0.975,0.8,0.775,0.65,0.6,0.45,0.05,0
45,0.5,1,1,0.9,0.875,0.75,0.7,0.475,0.1,0.05,0
46,0.5,1,1,0.9,0.875,0.7,0.65,0.5,0.1,0.05,0
47,0.5,1,1,0.9,0.875,0.75,0.7,0.65,0.475,0.05,0
48,0.5,1,1,0.9,0.875,0.8,0.575,0.45,0.4,0.05,0
49,0.5,1,1,0.9,0.875,0.725,0.675,0.525,0.475,0.425,0
50,0.5,1,1,0.9,0.875,0.85,0.6,0.55,0.45,0.4,0
51,0.5,1,1,0.9,0.875,0.85,0.675,0.625,0.425,0.05,0
52,0.5,1,1,0.9,0.875,0.725,0.675,0.625,0.575,0.375,0
53,0.5,1,1,0.9,0.875,0.85,0.8,0.625,0.575,0.35,0
54,0.5,1,1,0.9,0.875,0.85,0.675,0.5,0.45,0.4,0
55,0.5,1,1,0.9,0.75,0.7,0.625,0.45,0.4,0.05,0
56,0.5,1,1,0.975,0.85,0.8,0.65,0.625,0.475,0.05,0
57,0.5,1,1,0.975,0.875,0.675,0.625,0.575,0.475,0.425,0
58,0.5,1,1,0.975,0.875,0.8,0.775,0.475,0.1,0.05,0
59,0.5,1,1,0.95,0.85,0.7,0.675,0.65,0.45,0.05,0
60,0.5,1,1,0.975,0.875,0.75,0.7,0.525,0.475,0.425,0
61,0.5,1,1,0.975,0.875,0.7,0.675,0.5,0.45,0.05,0
62,0.5,1,1,0.975,0.875,0.75,0.7,0.525,0.475,0.05,0
63,0.5,1,1,0.975,0.875,0.725,0.625,0.5,0.45,0.05,0
64,0.5,1,1,0.9,0.875,0.75,0.675,0.625,0.475,0.425,0
65,0.5,1,1,0.975,0.95,0.925,0.725,0.5,0.1,0.05,0
66,0.5,1,1,0.975,0.875,0.725,0.7,0.5,0.1,0.05,0
67,0.5,1,1,0.9,0.875,0.85,0.7,0.5,0.45,0.05,0
68,0.5,1,1,0.9,0.775,0.725,0.675,0.65,0.525,0.475,0
69,0.5,1,1,0.9,0.875,0.675,0.65,0.5,0.45,0.4,0
70,0.5,1,1,0.95,0.925,0.825,0.625,0.575,0.525,0.4,0
71,0.5,1,1,0.9,0.75,0.7,0.625,0.45,0.4,0.35,0
72,0.5,1,1,0.9,0.8,0.775,0.725,0.675,0.575,0.05,0
73,0.5,1,1,0.9,0.875,0.7,0.6,0.45,0.4,0.05,0
74,0.5,1,1,0.9,0.875,0.85,0.65,0.45,0.1,0.05,0
75,0.5,1,1,0.9,0.725,0.7,0.65,0.55,0.425,0.05,0
76,0.5,1,1,0.9,0.875,0.725,0.675,0.625,0.5,0.05,0
77,0.5,1,1,0.95,0.9,0.8,0.65,0.6,0.55,0.45,0
78,0.5,1,1,0.9,0.875,0.85,0.8,0.775,0.45,0.4,0
79,0.5,1,1,0.9,0.775,0.7,0.675,0.475,0.1,0.05,0
80,0.5,1,1,0.975,0.875,0.7,0.6,0.45,0.1,0.05,0
81,0.5,1,1,0.9,0.75,0.7,0.65,0.55,0.1,0.05,0
82,0.5,1,1,0.9,0.75,0.7,0.675,0.625,0.475,0.05,0
83,0.5,1,1,0.9,0.7,0.675,0.6,0.5,0.45,0.4,0
84,0.5,1,1,0.975,0.925,0.9,0.75,0.65,0.45,0.05,0
85,0.5,1,1,0.975,0.875,0.725,0.675,0.625,0.575,0.375,0
86,0.5,1,1,0.9,0.875,0.7,0.65,0.575,0.425,0.05,0
87,0.5,1,1,0.9,0.875,0.85,0.65,0.45,0.4,0.05,0
88,0.5,1,1,0.9,0.8,0.775,0.65,0.45,0.1,0.05,0
89,0.5,1,1,0.925,0.825,0.8,0.6,0.55,0.45,0.05,0
90,0.5,1,1,0.875,0.775,0.725,0.675,0.625,0.45,0.05,0
91,0.5,1,1,0.9,0.875,0.725,0.675,0.5,0.45,0.05,0
92,0.5,1,1,0.9,0.8,0.775,0.7,0.525,0.475,0.05,0
93,0.5,1,1,0.9,0.85,0.825,0.8,0.6,0.425,0.05,0
94,0.5,1,1,0.975,0.85,0.725,0.675,0.625,0.425,0.05,0
95,0.5,1,1,0.975,0.875,0.725,0.675,0.625,0.45,0.4,0
96,0.5,1,1,0.85,0.725,0.675,0.625,0.475,0.425,0.05,0
97,0.5,1,1,0.9,0.775,0.725,0.7,0.575,0.525,0.475,0
98,0.5,1,1,0.975,0.875,0.7,0.675,0.5,0.45,0.4,0
99,0.5,1,1,0.9,0.725,0.65,0.6,0.55,0.5,0.45,0
100,0.5,1,1,0.9,0.875,0.825,0.7,0.575,0.525,0.375,0
101,0.5,1,1,0.9,0.875,0.825,0.675,0.5,0.45,0.05,0
102,0.5,1,1,0.9,0.875,0.825,0.625,0.55,0.45,0.05,0
103,0.5,1,1,0.9,0.85,0.675,0.65,0.575,0.5,0.45,0
104,0.5,1,1,0.9,0.875,0.7,0.65,0.5,0.45,0.4,0
105,0.5,1,1,0.9,0.775,0.725,0.65,0.6,0.45,0.05,0
106,0.5,1,1,0.9,0.875,0.8,0.675,0.625,0.575,0.4,0
107,0.5,1,1,0.9,0.85,0.7,0.6,0.475,0.425,0.05,0
108,0.5,1,1,0.9,0.775,0.725,0.65,0.575,0.525,0.475,0
109,0.5,1,1,0.875,0.775,0.7,0.6,0.5,0.1,0.05,0
110,0.5,1,1,0.975,0.875,0.85,0.675,0.475,0.1,0.05,0
111,0.5,1,1,0.9,0.725,0.7,0.65,0.45,0.4,0.35,0
112,0.5,1,1,0.875,0.775,0.725,0.7,0.5,0.45,0.05,0
113,0.5,1,1,0.95,0.85,0.675,0.65,0.625,0.575,0.425,0
114,0.5,1,1,0.975,0.875,0.75,0.7,0.65,0.6,0.425,0
115,0.5,1,1,0.95,0.85,0.7,0.65,0.6,0.45,0.05,0
116,0.5,1,1,0.975,0.825,0.7,0.675,0.525,0.1,0.05,0
117,0.5,1,1,0.9,0.875,0.825,0.8,0.725,0.4,0.35,0
118,0.5,1,1,0.9,0.775,0.7,0.65,0.475,0.425,0.05,0
119,0.5,1,1,0.9,0.875,0.725,0.7,0.5,0.45,0.05,0
120,0.5,1,1,0.9,0.8,0.775,0.675,0.525,0.475,0.05,0
121,0.5,1,1,0.9,0.8,0.725,0.675,0.5,0.1,0.05,0
122,0.5,1,1,0.9,0.875,0.85,0.675,0.5,0.1,0.05,0
123,0.5,1,1,0.9,0.7,0.675,0.625,0.575,0.5,0.45,0
124,0.5,1,1,0.975,0.85,0.7,0.675,0.5,0.45,0.05,0
125,0.5,1,1,0.9,0.85,0.825,0.775,0.625,0.45,0.05,0
126,0.5,1,1,0.9,0.7,0.675,0.65,0.5,0.45,0.4,0
127,0.5,1,1,0.975,0.875,0.725,0.675,0.5,0.45,0.05,0
128,0.5,1,1,0.875,0.825,0.8,0.675,0.6,0.55,0.05,0
129,0.5,1,1,0.9,0.875,0.65,0.625,0.475,0.1,0.05,0
130,0.5,1,1,0.975,0.875,0.65,0.575,0.525,0.475,0.05,0
131,0.5,1,1,0.875,0.775,0.725,0.65,0.5,0.1,0.05,0
132,0.5,1,1,0.975,0.875,0.7,0.65,0.6,0.45,0.05,0
133,0.5,1,1,0.9,0.725,0.7,0.65,0.625,0.575,0.45,0
134,0.5,1,1,0.9,0.875,0.7,0.675,0.625,0.575,0.425,0
135,0.5,1,1,0.975,0.875,0.7,0.625,0.475,0.425,0.05,0
136,0.5,1,1,0.9,0.75,0.725,0.7,0.5,0.45,0.05,0
137,0.5,1,1,0.9,0.8,0.675,0.625,0.5,0.45,0.05,0
138,0.5,1,1,0.9,0.775,0.725,0.7,0.475,0.425,0.375,0
139,0.5,1,1,0.9,0.8,0.75,0.7,0.65,0.6,0.425,0
140,0.5,1,1,0.95,0.85,0.75,0.675,0.575,0.4,0.35,0
141,0.5,1,1,0.95,0.85,0.7,0.65,0.6,0.525,0.05,0
142,0.5,1,1,0.9,0.875,0.85,0.825,0.5,0.1,0.05,0
143,0.5,1,1,0.9,0.8,0.75,0.7,0.5,0.45,0.05,0
144,0.5,1,1,0.975,0.875,0.7,0.65,0.5,0.1,0.05,0
145,0.5,1,1,0.9,0.875,0.725,0.65,0.475,0.425,0.05,0
146,0.5,1,1,0.9,0.775,0.725,0.675,0.525,0.475,0.425,0
147,0.5,1,1,0.9,0.725,0.7,0.6,0.5,0.1,0.05,0
148,0.5,1,1,0.9,0.875,0.825,0.775,0.7,0.65,0.05,0
149,0.5,1,1,0.9,0.875,0.8,0.625,0.575,0.425,0.375,0
150,0.5,1,1,0.9,0.875,0.85,0.8,0.575,0.425,0.05,0
151,0.5,1,1,0.9,0.725,0.7,0.6,0.55,0.425,0.375,0
152,0.5,1,1,0.975,0.875,0.7,0.65,0.5,0.1,0.05,0
153,0.5,1,1,0.9,0.8,0.75,0.725,0.575,0.525,0.05,0
154,0.5,1,1,0.875,0.775,0.75,0.7,0.65,0.5,0.45,0
155,0.5,1,1,0.975,0.875,0.65,0.625,0.5,0.45,0.05,0
156,0.5,1,1,0.9,0.875,0.725,0.675,0.625,0.45,0.05,0
157,0.5,1,1,0.9,0.875,0.825,0.8,0.5,0.1,0.05,0
158,0.5,1,1,0.975,0.95,0.85,0.65,0.6,0.45,0.05,0
159,0.5,1,1,0.85,0.825,0.7,0.675,0.5,0.45,0.05,0
160,0.5,1,1,0.9,0.725,0.7,0.675,0.625,0.45,0.4,0
161,0.5,1,1,0.9,0.8,0.75,0.675,0.525,0.1,0.05,0
162,0.5,1,1,0.95,0.925,0.85,0.675,0.6,0.45,0.05,0
163,0.5,1,1,0.9,0.675,0.65,0.625,0.5,0.45,0.4,0
164,0.5,1,1,0.9,0.775,0.725,0.7,0.5,0.1,0.05,0
165,0.5,1,1,0.875,0.775,0.725,0.65,0.575,0.525,0.4,0
166,0.5,1,1,0.975,0.875,0.85,0.675,0.5,0.45,0.4,0
167,0.5,1,1,0.9,0.875,0.85,0.775,0.45,0.1,0.05,0
168,0.5,1,1,0.925,0.825,0.75,0.625,0.5,0.1,0.05,0
169,0.5,1,1,0.9,0.875,0.725,0.675,0.625,0.475,0.425,0
170,0.5,1,1,0.95,0.9,0.8,0.65,0.625,0.575,0.425,0
171,0.5,1,1,0.975,0.875,0.725,0.65,0.5,0.1,0.05,0
172,0.5,1,1,0.925,0.825,0.8,0.775,0.475,0.425,0.375,0
173,0.5,1,1,0.975,0.875,0.85,0.825,0.5,0.1,0.05,0
174,0.5,1,1,0.9,0.725,0.675,0.6,0.45,0.1,0.05,0
175,0.5,1,1,0.975,0.95,0.85,0.8,0.75,0.725,0.4,0
176,0.5,1,1,0.9,0.875,0.75,0.65,0.45,0.4,0.05,0
177,0.5,1,1,0.975,0.875,0.85,0.65,0.5,0.45,0.4,0
178,0.5,1,1,0.9,0.875,0.85,0.65,0.475,0.1,0.05,0
179,0.5,1,1,0.9,0.775,0.7,0.65,0.6,0.5,0.45,0
180,0.5,1,1,0.9,0.725,0.675,0.65,0.6,0.4,0.05,0
181,0.5,1,1,0.9,0.675,0.625,0.575,0.525,0.45,0.05,0
182,0.5,1,1,0.9,0.85,0.825,0.8,0.6,0.45,0.4,0
183,0.5,1,1,0.9,0.8,0.7,0.65,0.625,0.575,0.4,0
184,0.5,1,1,0.9,0.875,0.7,0.675,0.5,0.1,0.05,0
185,0.5,1,1,0.875,0.775,0.725,0.675,0.575,0.5,0.05,0
186,0.5,1,1,0.975,0.875,0.725,0.675,0.65,0.6,0.375,0
187,0.5,1,1,0.975,0.875,0.8,0.775,0.45,0.4,0.05,0
188,0.5,1,1,0.9,0.725,0.675,0.625,0.575,0.475,0.05,0
189,0.5,1,1,0.9,0.75,0.7,0.675,0.55,0.1,0.05,0
190,0.5,1,1,0.975,0.875,0.85,0.825,0.775,0.45,0.4,0
191,0.5,1,1,0.9,0.775,0.725,0.7,0.65,0.45,0.4,0
192,0.5,1,1,0.9,0.85,0.825,0.8,0.625,0.425,0.375,0
193,0.5,1,1,0.95,0.85,0.7,0.675,0.65,0.45,0.4,0
194,0.5,1,1,0.9,0.875,0.8,0.775,0.7,0.1,0.05,0
195,0.5,1,1,0.9,0.85,0.75,0.675,0.6,0.425,0.05,0
196,0.5,1,1,0.9,0.875,0.725,0.675,0.625,0.45,0.4,0
197,0.5,1,1,0.9,0.875,0.75,0.675,0.45,0.1,0.05,0
198,0.5,1,1,0.9,0.75,0.725,0.625,0.45,0.1,0.05,0
199,0.5,1,1,0.9,0.75,0.675,0.625,0.575,0.525,0.425,0
200,0.5,1,1,0.95,0.85,0.625,0.6,0.575,0.425,0.05,0
201,0.5,1,1,0.925,0.825,0.675,0.625,0.475,0.425,0.375,0
202,0.5,1,1,0.9,0.875,0.85,0.65,0.475,0.1,0.05,0
203,0.5,1,1,0.975,0.875,0.8,0.55,0.5,0.1,0.05,0
204,0.5,1,1,0.975,0.8,0.775,0.675,0.475,0.425,0.05,0
205,0.5,1,1,0.875,0.85,0.725,0.65,0.5,0.1,0.05,0
206,0.5,1,1,0.875,0.85,0.7,0.65,0.6,0.575,0.4,0
207,0.5,1,1,0.9,0.75,0.725,0.675,0.6,0.55,0.45,0
208,0.5,1,1,0.975,0.875,0.85,0.65,0.525,0.475,0.425,0
209,0.5,1,1,0.975,0.8,0.675,0.65,0.5,0.45,0.05,0
210,0.5,1,1,0.9,0.75,0.725,0.625,0.5,0.45,0.05,0
211,0.5,1,1,0.9,0.875,0.675,0.625,0.575,0.4,0.05,0
212,0.5,1,1,0.975,0.825,0.725,0.6,0.5,0.45,0.4,0
213,0.5,1,1,0.85,0.825,0.725,0.625,0.45,0.4,0.05,0
214,0.5,1,1,0.925,0.8,0.675,0.65,0.475,0.425,0.05,0
215,0.5,1,1,0.9,0.7,0.675,0.625,0.45,0.1,0.05,0
216,0.5,1,1,0.875,0.775,0.7,0.65,0.6,0.5,0.45,0
217,0.5,1,1,0.9,0.875,0.675,0.625,0.575,0.475,0.05,0
218,0.5,1,1,0.925,0.9,0.8,0.6,0.45,0.1,0.05,0
219,0.5,1,1,0.95,0.925,0.825,0.75,0.6,0.55,0.375,0
220,0.5,1,1,0.9,0.875,0.725,0.7,0.65,0.475,0.05,0
221,0.5,1,1,0.925,0.9,0.875,0.775,0.475,0.425,0.05,0
222,0.5,1,1,0.975,0.875,0.85,0.825,0.5,0.45,0.05,0
223,0.5,1,1,0.9,0.875,0.725,0.675,0.525,0.475,0.05,0
224,0.5,1,1,0.9,0.775,0.725,0.675,0.5,0.45,0.05,0
225,0.5,1,1,0.9,0.825,0.7,0.575,0.45,0.1,0.05,0
226,0.5,1,1,0.875,0.775,0.725,0.675,0.5,0.1,0.05,0
227,0.5,1,1,0.9,0.8,0.75,0.675,0.625,0.45,0.05,0
228,0.5,1,1,0.9,0.8,0.725,0.65,0.6,0.425,0.05,0
229,0.5,1,1,0.975,0.95,0.85,0.775,0.45,0.4,0.05,0
230,0.5,1,1,0.9,0.875,0.675,0.65,0.475,0.1,0.05,0
231,0.5,1,1,0.9,0.85,0.8,0.775,0.6,0.575,0.4,0
232,0.5,1,1,0.875,0.775,0.75,0.65,0.5,0.1,0.05,0
233,0.5,1,1,0.95,0.85,0.825,0.8,0.55,0.5,0.4,0
234,0.5,1,1,0.9,0.875,0.85,0.7,0.5,0.1,0.05,0
235,0.5,1,1,0.9,0.875,0.75,0.6,0.525,0.475,0.05,0
236,0.5,1,1,0.975,0.875,0.75,0.725,0.675,0.45,0.4,0
237,0.5,1,1,0.9,0.85,0.675,0.65,0.575,0.45,0.05,0
238,0.5,1,1,0.975,0.95,0.85,0.675,0.5,0.45,0.4,0
239,0.5,1,1,0.9,0.875,0.825,0.65,0.625,0.45,0.4,0
240,0.5,1,1,0.9,0.85,0.825,0.675,0.65,0.45,0.05,0
241,0.5,1,1,0.875,0.85,0.725,0.675,0.625,0.5,0.425,0
242,0.5,1,1,0.9,0.725,0.7,0.65,0.6,0.55,0.375,0
243,0.5,1,1,0.85,0.825,0.7,0.675,0.625,0.45,0.4,0
244,0.5,1,1,0.9,0.85,0.75,0.675,0.625,0.575,0.4,0
245,0.5,1,1,0.9,0.75,0.725,0.65,0.6,0.45,0.4,0
246,0.5,1,1,0.975,0.875,0.8,0.775,0.725,0.4,0.05,0
247,0.5,1,1,0.9,0.875,0.825,0.775,0.75,0.675,0.35,0
248,0.5,1,1,0.9,0.875,0.725,0.675,0.525,0.1,0.05,0
249,0.5,1,1,0.9,0.75,0.675,0.625,0.6,0.4,0.35,0
250,0.5,1,1,0.9,0.85,0.75,0.675,0.625,0.55,0.475,0
251,0.5,1,1,0.975,0.875,0.85,0.825,0.5,0.45,0.4,0
252,0.5,1,1,0.975,0.825,0.725,0.675,0.525,0.1,0.05,0
253,0.5,1,1,0.9,0.675,0.625,0.575,0.525,0.45,0.4,0
254,0.5,1,1,0.975,0.875,0.8,0.7,0.525,0.1,0.05,0
255,0.5,1,1,0.975,0.875,0.8,0.6,0.45,0.1,0.05,0
256,0.5,1,1,0.875,0.825,0.75,0.7,0.55,0.425,0.05,0
257,0.5,1,1,0.9,0.8,0.775,0.65,0.45,0.1,0.05,0
258,0.5,1,1,0.9,0.85,0.675,0.625,0.6,0.45,0.05,0
259,0.5,1,1,0.9,0.875,0.85,0.675,0.625,0.4,0.05,0
260,0.5,1,1,0.9,0.8,0.775,0.725,0.5,0.45,0.4,0
261,0.5,1,1,0.9,0.8,0.725,0.7,0.65,0.45,0.05,0
262,0.5,1,1,0.9,0.875,0.85,0.675,0.5,0.45,0.4,0
263,0.5,1,1,0.9,0.775,0.7,0.65,0.5,0.45,0.05,0
264,0.5,1,1,0.9,0.875,0.725,0.7,0.65,0.55,0.05,0
265,0.5,1,1,0.975,0.9,0.8,0.575,0.45,0.1,0.05,0
266,0.5,1,1,0.875,0.775,0.725,0.675,0.625,0.575,0.425,0
267,0.5,1,1,0.9,0.775,0.725,0.65,0.525,0.1,0.05,0
268,0.5,1,1,0.9,0.875,0.85,0.775,0.75,0.7,0.05,0
269,0.5,1,1,0.9,0.875,0.8,0.575,0.45,0.4,0.05,0
270,0.5,1,1,0.975,0.875,0.75,0.7,0.65,0.45,0.05,0
271,0.5,1,1,0.9,0.875,0.8,0.775,0.45,0.4,0.35,0
272,0.5,1,1,0.9,0.875,0.725,0.675,0.5,0.45,0.05,0
273,0.5,1,1,0.9,0.8,0.75,0.675,0.525,0.475,0.425,0
274,0.5,1,1,0.9,0.85,0.825,0.8,0.725,0.4,0.35,0
275,0.5,1,1,0.9,0.85,0.825,0.55,0.5,0.45,0.375,0
276,0.5,1,1,0.9,0.875,0.75,0.7,0.625,0.575,0.525,0
277,0.5,1,1,0.9,0.775,0.725,0.65,0.5,0.45,0.05,0
278,0.5,1,1,0.9,0.875,0.65,0.575,0.5,0.45,0.05,0
279,0.5,1,1,0.9,0.85,0.825,0.65,0.625,0.5,0.05,0
280,0.5,1,1,0.875,0.775,0.75,0.675,0.525,0.475,0.05,0
281,0.5,1,1,0.9,0.875,0.85,0.625,0.575,0.45,0.4,0
282,0.5,1,1,0.9,0.825,0.8,0.6,0.45,0.4,0.35,0
283,0.5,1,1,0.9,0.875,0.675,0.6,0.55,0.45,0.4,0
284,0.5,1,1,0.9,0.8,0.75,0.7,0.5,0.1,0.05,0
285,0.5,1,1,0.975,0.875,0.85,0.65,0.5,0.45,0.4,0
286,0.5,1,1,0.9,0.8,0.725,0.675,0.625,0.45,0.4,0
287,0.5,1,1,0.975,0.875,0.85,0.625,0.5,0.1,0.05,0
288,0.5,1,1,0.9,0.875,0.725,0.625,0.5,0.45,0.4,0
289,0.5,1,1,0.9,0.725,0.7,0.65,0.6,0.475,0.425,0
290,0.5,1,1,0.9,0.875,0.75,0.675,0.525,0.475,0.425,0
291,0.5,1,1,0.975,0.875,0.75,0.65,0.5,0.1,0.05,0
292,0.5,1,1,0.975,0.875,0.7,0.65,0.6,0.55,0.475,0
293,0.5,1,1,0.975,0.85,0.725,0.675,0.625,0.45,0.4,0
294,0.5,1,1,0.975,0.875,0.825,0.65,0.525,0.475,0.425,0
295,0.5,1,1,0.9,0.875,0.825,0.6,0.55,0.45,0.4,0
296,0.5,1,1,0.85,0.725,0.675,0.65,0.6,0.45,0.05,0
297,0.5,1,1,0.9,0.875,0.85,0.675,0.5,0.45,0.4,0
298,0.5,1,1,0.975,0.85,0.8,0.6,0.525,0.1,0.05,0
299,0.5,1,1,0.975,0.875,0.85,0.8,0.725,0.4,0.05,0
300,0.5,1,1,0.9,0.875,0.825,0.65,0.525,0.1,0.05,0
301,0.5,1,1,0.9,0.725,0.7,0.6,0.5,0.1,0.05,0
302,0.5,1,1,0.9,0.725,0.675,0.65,0.5,0.45,0.05,0
303,0.5,1,1,0.95,0.85,0.825,0.8,0.575,0.45,0.4,0
304,0.5,1,1,0.9,0.875,0.85,0.8,0.775,0.45,0.05,0
305,0.5,1,1,0.9,0.825,0.8,0.75,0.5,0.425,0.05,0
306,0.5,1,1,0.9,0.875,0.75,0.725,0.675,0.45,0.05,0
307,0.5,1,1,0.9,0.85,0.75,0.7,0.575,0.525,0.35,0
308,0.5,1,1,0.875,0.775,0.7,0.625,0.475,0.425,0.375,0
309,0.5,1,1,0.9,0.725,0.7,0.65,0.475,0.1,0.05,0
310,0.5,1,1,0.9,0.8,0.75,0.675,0.625,0.45,0.05,0
311,0.5,1,1,0.975,0.85,0.725,0.675,0.625,0.425,0.05,0
312,0.5,1,1,0.975,0.95,0.85,0.65,0.5,0.45,0.05,0
313,0.5,1,1,0.9,0.85,0.7,0.65,0.6,0.575,0.4,0
314,0.5,1,1,0.975,0.875,0.725,0.7,0.65,0.45,0.4,0
315,0.5,1,1,0.925,0.825,0.725,0.675,0.475,0.1,0.05,0
316,0.5,1,1,0.9,0.85,0.7,0.65,0.525,0.1,0.05,0
317,0.5,1,1,0.9,0.75,0.7,0.65,0.625,0.45,0.05,0
318,0.5,1,1,0.925,0.825,0.775,0.7,0.65,0.45,0.05,0
319,0.5,1,1,0.9,0.775,0.75,0.7,0.525,0.475,0.425,0
320,0.5,1,1,0.9,0.725,0.7,0.65,0.6,0.45,0.05,0
321,0.5,1,1,0.9,0.8,0.75,0.65,0.625,0.45,0.4,0
322,0.5,1,1,0.9,0.875,0.85,0.625,0.575,0.45,0.4,0
323,0.5,1,1,0.9,0.85,0.825,0.625,0.55,0.5,0.425,0
324,0.5,1,1,0.9,0.875,0.85,0.775,0.725,0.425,0.05,0
325,0.5,1,1,0.95,0.85,0.825,0.8,0.775,0.45,0.4,0
326,0.5,1,1,0.85,0.75,0.7,0.65,0.6,0.55,0.425,0
327,0.5,1,1,0.9,0.8,0.75,0.675,0.625,0.525,0.4,0
328,0.5,1,1,0.9,0.775,0.725,0.675,0.6,0.4,0.05,0
329,0.5,1,1,0.9,0.75,0.675,0.6,0.45,0.4,0.35,0
330,0.5,1,1,0.975,0.875,0.85,0.625,0.5,0.45,0.05,0
331,0.5,1,1,0.975,0.825,0.725,0.675,0.575,0.1,0.05,0
332,0.5,1,1,0.975,0.875,0.725,0.675,0.5,0.45,0.05,0
333,0.5,1,1,0.9,0.75,0.725,0.675,0.525,0.475,0.05,0
334,0.5,1,1,0.9,0.875,0.85,0.65,0.6,0.45,0.4,0
335,0.5,1,1,0.9,0.875,0.825,0.625,0.55,0.4,0.35,0
336,0.5,1,1,0.9,0.85,0.825,0.675,0.625,0.475,0.05,0
337,0.5,1,1,0.9,0.825,0.8,0.75,0.7,0.45,0.375,0
338,0.5,1,1,0.9,0.875,0.7,0.675,0.475,0.425,0.05,0
339,0.5,1,1,0.9,0.8,0.75,0.725,0.65,0.5,0.05,0
340,0.5,1,1,0.9,0.825,0.8,0.575,0.45,0.4,0.05,0
341,0.5,1,1,0.9,0.875,0.85,0.65,0.6,0.45,0.05,0
342,0.5,1,1,0.975,0.95,0.85,0.675,0.475,0.1,0.05,0
343,0.5,1,1,0.9,0.875,0.725,0.65,0.525,0.475,0.05,0
344,0.5,1,1,0.9,0.875,0.725,0.675,0.625,0.475,0.425,0
345,0.5,1,1,0.9,0.85,0.825,0.65,0.575,0.525,0.4,0
346,0.5,1,1,0.95,0.925,0.825,0.725,0.6,0.4,0.05,0
347,0.5,1,1,0.975,0.95,0.725,0.625,0.475,0.1,0.05,0
348,0.5,1,1,0.975,0.875,0.725,0.675,0.525,0.475,0.425,0
349,0.5,1,1,0.9,0.875,0.85,0.65,0.6,0.45,0.05,0
350,0.5,1,1,0.975,0.875,0.7,0.675,0.625,0.575,0.375,0
351,0.5,1,1,0.975,0.875,0.75,0.7,0.65,0.45,0.05,0
352,0.5,1,1,0.9,0.75,0.725,0.675,0.625,0.425,0.05,0
353,0.5,1,1,0.975,0.875,0.675,0.625,0.525,0.475,0.425,0
354,0.5,1,1,0.9,0.875,0.75,0.7,0.5,0.45,0.05,0
355,0.5,1,1,0.9,0.825,0.8,0.625,0.45,0.1,0.05,0
356,0.5,1,1,0.9,0.775,0.7,0.65,0.5,0.45,0.4,0
357,0.5,1,1,0.9,0.875,0.825,0.8,0.6,0.55,0.35,0
358,0.5,1,1,0.9,0.875,0.825,0.775,0.6,0.5,0.05,0
359,0.5,1,1,0.925,0.85,0.675,0.625,0.6,0.425,0.375,0
360,0.5,1,1,0.9,0.85,0.725,0.65,0.5,0.1,0.05,0
361,0.5,1,1,0.9,0.875,0.725,0.675,0.6,0.45,0.05,0
362,0.5,1,1,0.9,0.725,0.7,0.65,0.45,0.4,0.05,0
363,0.5,1,1,0.85,0.725,0.7,0.675,0.5,0.45,0.4,0
364,0.5,1,1,0.9,0.8,0.725,0.675,0.625,0.45,0.4,0
365,0.5,1,1,0.9,0.875,0.725,0.675,0.625,0.425,0.05,0
366,0.5,1,1,0.975,0.875,0.7,0.625,0.475,0.425,0.05,0
367,0.5,1,1,0.9,0.875,0.825,0.8,0.775,0.45,0.05,0
368,0.5,1,1,0.9,0.85,0.825,0.8,0.6,0.55,0.425,0
369,0.5,1,1,0.9,0.85,0.825,0.675,0.5,0.45,0.05,0
370,0.5,1,1,0.9,0.875,0.725,0.675,0.5,0.45,0.05,0
371,0.5,1,1,0.925,0.825,0.8,0.775,0.7,0.1,0.05,0
372,0.5,1,1,0.9,0.75,0.725,0.675,0.625,0.525,0.475,0
373,0.5,1,1,0.9,0.775,0.75,0.7,0.575,0.525,0.475,0
374,0.5,1,1,0.9,0.8,0.75,0.675,0.575,0.525,0.05,0
375,0.5,1,1,0.9,0.875,0.825,0.65,0.625,0.45,0.4,0
376,0.5,1,1,0.9,0.85,0.825,0.65,0.625,0.475,0.05,0
377,0.5,1,1,0.975,0.875,0.65,0.575,0.45,0.1,0.05,0
378,0.5,1,1,0.875,0.775,0.7,0.625,0.575,0.5,0.05,0
379,0.5,1,1,0.925,0.825,0.8,0.65,0.475,0.425,0.05,0
380,0.5,1,1,0.925,0.875,0.775,0.6,0.575,0.4,0.35,0
381,0.5,1,1,0.9,0.775,0.725,0.7,0.5,0.45,0.4,0
382,0.5,1,1,0.9,0.85,0.825,0.65,0.5,0.1,0.05,0
383,0.5,1,1,0.9,0.875,0.85,0.675,0.5,0.1,0.05,0
384,0.5,1,1,0.95,0.85,0.7,0.625,0.55,0.4,0.05,0
385,0.5,1,1,0.875,0.775,0.725,0.675,0.625,0.425,0.05,0
386,0.5,1,1,0.9,0.875,0.85,0.8,0.775,0.45,0.4,0
387,0.5,1,1,0.9,0.7,0.65,0.625,0.525,0.1,0.05,0
388,0.5,1,1,0.925,0.9,0.875,0.825,0.7,0.1,0.05,0
389,0.5,1,1,0.9,0.75,0.7,0.675,0.625,0.475,0.425,0
390,0.5,1,1,0.85,0.8,0.7,0.65,0.55,0.5,0.05,0
391,0.5,1,1,0.9,0.875,0.85,0.675,0.475,0.1,0.05,0
392,0.5,1,1,0.9,0.725,0.675,0.65,0.475,0.1,0.05,0
393,0.5,1,1,0.9,0.775,0.725,0.65,0.6,0.475,0.05,0
394,0.5,1,1,0.9,0.875,0.725,0.7,0.5,0.1,0.05,0
395,0.5,1,1,0.975,0.875,0.75,0.7,0.65,0.45,0.05,0
396,0.5,1,1,0.9,0.875,0.75,0.7,0.55,0.5,0.45,0
397,0.5,1,1,0.9,0.75,0.725,0.65,0.45,0.1,0.05,0
398,0.5,1,1,0.85,0.75,0.7,0.65,0.6,0.55,0.425,0
399,0.5,1,1,0.975,0.875,0.725,0.675,0.625,0.425,0.05,0
400,0.5,1,1,0.875,0.725,0.675,0.65,0.6,0.575,0.425,0
401,0.5,1,1,0.9,0.85,0.725,0.65,0.5,0.1,0.05,0
402,0.5,1,1,0.9,0.875,0.725,0.675,0.6,0.55,0.4,0
403,0.5,1,1,0.9,0.875,0.675,0.6,0.55,0.425,0.05,0
404,0.5,1,1,0.9,0.875,0.85,0.625,0.45,0.1,0.05,0
405,0.5,1,1,0.9,0.875,0.75,0.675,0.5,0.1,0.05,0
406,0.5,1,1,0.9,0.775,0.725,0.675,0.625,0.5,0.05,0
407,0.5,1,1,0.975,0.8,0.75,0.65,0.5,0.45,0.05,0
408,0.5,1,1,0.85,0.725,0.675,0.65,0.6,0.5,0.05,0
409,0.5,1,1,0.9,0.75,0.7,0.6,0.475,0.425,0.05,0
410,0.5,1,1,0.9,0.85,0.725,0.675,0.65,0.45,0.4,0
411,0.5,1,1,0.9,0.875,0.675,0.6,0.55,0.45,0.05,0
412,0.5,1,1,0.975,0.875,0.75,0.65,0.6,0.475,0.425,0
413,0.5,1,1,0.975,0.875,0.85,0.675,0.625,0.45,0.05,0
414,0.5,1,1,0.975,0.875,0.65,0.575,0.525,0.475,0.35,0
415,0.5,1,1,0.975,0.875,0.725,0.675,0.625,0.45,0.05,0
416,0.5,1,1,0.9,0.775,0.7,0.675,0.525,0.1,0.05,0
417,0.5,1,1,0.9,0.775,0.75,0.7,0.65,0.55,0.4,0
418,0.5,1,1,0.9,0.85,0.725,0.675,0.575,0.525,0.05,0
419,0.5,1,1,0.9,0.875,0.85,0.775,0.475,0.425,0.05,0
420,0.5,1,1,0.9,0.85,0.75,0.65,0.45,0.4,0.05,0
421,0.5,1,1,0.9,0.875,0.85,0.775,0.7,0.1,0.05,0
422,0.5,1,1,0.825,0.725,0.675,0.625,0.525,0.475,0.425,0
423,0.5,1,1,0.975,0.875,0.825,0.8,0.625,0.575,0.4,0
424,0.5,1,1,0.9,0.875,0.7,0.65,0.525,0.475,0.425,0
425,0.5,1,1,0.95,0.85,0.675,0.625,0.575,0.525,0.425,0
426,0.5,1,1,0.9,0.725,0.7,0.65,0.625,0.45,0.05,0
427,0.5,1,1,0.9,0.75,0.65,0.6,0.55,0.45,0.4,0
428,0.5,1,1,0.975,0.825,0.8,0.675,0.625,0.45,0.05,0
429,0.5,1,1,0.975,0.95,0.85,0.65,0.6,0.425,0.05,0
430,0.5,1,1,0.9,0.875,0.85,0.6,0.55,0.425,0.05,0
431,0.5,1,1,0.9,0.725,0.675,0.65,0.575,0.525,0.4,0
432,0.5,1,1,0.9,0.8,0.775,0.7,0.5,0.45,0.4,0
433,0.5,1,1,0.9,0.75,0.725,0.675,0.475,0.425,0.375,0
434,0.5,1,1,0.9,0.875,0.825,0.675,0.6,0.425,0.05,0
435,0.5,1,1,0.925,0.825,0.75,0.675,0.625,0.475,0.425,0
436,0.5,1,1,0.9,0.875,0.675,0.6,0.45,0.4,0.05,0
437,0.5,1,1,0.975,0.875,0.8,0.6,0.45,0.1,0.05,0
438,0.5,1,1,0.875,0.825,0.7,0.65,0.6,0.55,0.4,0
439,0.5,1,1,0.9,0.825,0.675,0.65,0.6,0.45,0.05,0
440,0.5,1,1,0.975,0.875,0.7,0.675,0.625,0.425,0.05,0
441,0.5,1,1,0.925,0.9,0.875,0.775,0.45,0.4,0.05,0
442,0.5,1,1,0.925,0.8,0.75,0.7,0.675,0.575,0.05,0
443,0.5,1,1,0.875,0.775,0.7,0.65,0.6,0.5,0.05,0
444,0.5,1,1,0.975,0.875,0.85,0.675,0.625,0.4,0.05,0
445,0.5,1,1,0.9,0.75,0.7,0.65,0.575,0.475,0.05,0
446,0.5,1,1,0.95,0.85,0.825,0.775,0.625,0.6,0.4,0
447,0.5,1,1,0.9,0.875,0.85,0.675,0.525,0.1,0.05,0
448,0.5,1,1,0.9,0.85,0.675,0.65,0.6,0.45,0.4,0
449,0.5,1,1,0.9,0.875,0.825,0.65,0.6,0.45,0.4,0
450,0.5,1,1,0.875,0.775,0.725,0.65,0.5,0.45,0.4,0
451,0.5,1,1,0.9,0.8,0.725,0.675,0.5,0.45,0.05,0
452,0.5,1,1,0.975,0.875,0.75,0.65,0.475,0.1,0.05,0
453,0.5,1,1,0.975,0.95,0.85,0.675,0.625,0.425,0.05,0
454,0.5,1,1,0.975,0.875,0.7,0.675,0.55,0.5,0.45,0
455,0.5,1,1,0.9,0.75,0.725,0.675,0.525,0.475,0.425,0
456,0.5,1,1,0.975,0.875,0.825,0.8,0.5,0.45,0.4,0
457,0.5,1,1,0.9,0.8,0.75,0.725,0.675,0.475,0.05,0
458,0.5,1,1,0.9,0.75,0.725,0.675,0.55,0.425,0.05,0
459,0.5,1,1,0.875,0.85,0.75,0.675,0.5,0.1,0.05,0
460,0.5,1,1,0.875,0.75,0.725,0.675,0.625,0.475,0.425,0
461,0.5,1,1,0.9,0.875,0.75,0.7,0.5,0.45,0.4,0
462,0.5,1,1,0.975,0.875,0.825,0.625,0.6,0.45,0.4,0
463,0.5,1,1,0.9,0.875,0.85,0.825,0.5,0.45,0.4,0
464,0.5,1,1,0.9,0.775,0.75,0.675,0.625,0.575,0.375,0
465,0.5,1,1,0.9,0.875,0.65,0.625,0.5,0.45,0.4,0
466,0.5,1,1,0.9,0.75,0.7,0.6,0.55,0.425,0.05,0
467,0.5,1,1,0.9,0.875,0.85,0.65,0.6,0.55,0.375,0
468,0.5,1,1,0.9,0.875,0.675,0.6,0.5,0.45,0.05,0
469,0.5,1,1,0.9,0.75,0.675,0.6,0.5,0.45,0.05,0
470,0.5,1,1,0.875,0.85,0.7,0.625,0.575,0.5,0.45,0
471,0.5,1,1,0.9,0.875,0.85,0.7,0.5,0.45,0.4,0
472,0.5,1,1,0.975,0.875,0.725,0.7,0.5,0.1,0.05,0
473,0.5,1,1,0.9,0.875,0.825,0.75,0.55,0.4,0.05,0
474,0.5,1,1,0.9,0.875,0.85,0.65,0.6,0.45,0.05,0
475,0.5,1,1,0.9,0.85,0.725,0.675,0.5,0.1,0.05,0
476,0.5,1,1,0.875,0.775,0.725,0.65,0.625,0.475,0.425,0
477,0.5,1,1,0.975,0.825,0.725,0.675,0.625,0.575,0.45,0
478,0.5,1,1,0.85,0.8,0.7,0.675,0.6,0.55,0.425,0
479,0.5,1,1,0.975,0.85,0.7,0.675,0.625,0.575,0.425,0
480,0.5,1,1,0.9,0.875,0.85,0.625,0.575,0.45,0.05,0
481,0.5,1,1,0.9,0.775,0.725,0.7,0.625,0.575,0.45,0
482,0.5,1,1,0.9,0.875,0.725,0.625,0.475,0.425,0.05,0
483,0.5,1,1,0.9,0.75,0.725,0.675,0.45,0.4,0.05,0
484,0.5,1,1,0.9,0.875,0.75,0.7,0.5,0.45,0.05,0
485,0.5,1,1,0.9,0.875,0.85,0.65,0.6,0.45,0.05,0
486,0.5,1,1,0.9,0.875,0.85,0.65,0.6,0.425,0.05,0
487,0.5,1,1,0.9,0.75,0.7,0.65,0.525,0.475,0.05,0
488,0.5,1,1,0.875,0.775,0.75,0.7,0.6,0.55,0.425,0
489,0.5,1,1,0.975,0.875,0.85,0.65,0.5,0.1,0.05,0
490,0.5,1,1,0.975,0.875,0.7,0.65,0.625,0.45,0.4,0
491,0.5,1,1,0.9,0.7,0.675,0.625,0.525,0.475,0.05,0
492,0.5,1,1,0.9,0.825,0.675,0.65,0.6,0.4,0.35,0
493,0.5,1,1,0.9,0.8,0.75,0.7,0.65,0.45,0.4,0
494,0.5,1,1,0.9,0.725,0.7,0.675,0.5,0.1,0.05,0
495,0.5,1,1,0.975,0.875,0.825,0.675,0.6,0.45,0.4,0
496,0.5,1,1,0.9,0.875,0.85,0.6,0.5,0.45,0.05,0
497,0.5,1,1,0.975,0.875,0.7,0.65,0.6,0.575,0.4,0
498,0.5,1,1,0.95,0.85,0.8,0.7,0.625,0.575,0.4,0
499,0.5,1,1,0.9,0.875,0.85,0.625,0.5,0.1,0.05,0
500,0.5,1,1,0.975,0.875,0.85,0.65,0.5,0.45,0.4,0
1,0.75,0,1,0.875,0.65,0.225,0.175,0.125,0.075,0.05,0
2,0.75,0,1,0.875,0.65,0.55,0.525,0.425,0.1,0.05,0
3,0.75,0,1,0.575,0.35,0.325,0.2,0.15,0.1,0.05,0
4,0.75,0,1,0.925,0.85,0.45,0.25,0.125,0.075,0.05,0
5,0.75,0,1,0.775,0.35,0.3,0.175,0.15,0.125,0.075,0.025
6,0.75,0,1,0.775,0.65,0.225,0.2,0.175,0.125,0.075,0
7,0.75,0,1,0.875,0.65,0.225,0.175,0.125,0.1,0.05,0
8,0.75,0,1,0.575,0.35,0.325,0.2,0.15,0.125,0.075,0.025
9,0.75,0,1,0.775,0.35,0.325,0.275,0.15,0.125,0.075,0.025
10,0.75,0,1,0.775,0.35,0.225,0.2,0.175,0.125,0.075,0
11,0.75,0,1,0.775,0.35,0.325,0.2,0.15,0.075,0.05,0
12,0.75,0,1,0.775,0.675,0.55,0.25,0.2,0.175,0.05,0
13,0.75,0,1,0.775,0.65,0.225,0.175,0.125,0.1,0.05,0
14,0.75,0,1,0.95,0.875,0.85,0.6,0.475,0.425,0.075,0.025
15,0.75,0,1,0.775,0.35,0.325,0.2,0.15,0.125,0.075,0
16,0.75,0,1,0.575,0.35,0.325,0.3,0.175,0.125,0.05,0
17,0.75,0,1,0.875,0.65,0.225,0.2,0.175,0.125,0.075,0.025
18,0.75,0,1,0.575,0.35,0.225,0.2,0.15,0.075,0.05,0
19,0.75,0,1,0.775,0.35,0.325,0.275,0.225,0.1,0.05,0
20,0.75,0,1,0.775,0.35,0.225,0.175,0.15,0.125,0.075,0
21,0.75,0,1,0.775,0.35,0.325,0.2,0.175,0.125,0.075,0.025
22,0.75,0,1,0.95,0.525,0.4,0.175,0.125,0.1,0.05,0
23,0.75,0,1,0.875,0.65,0.55,0.2,0.15,0.1,0.05,0
24,0.75,0,1,0.575,0.35,0.3,0.25,0.125,0.1,0.075,0.025
25,0.75,0,1,0.575,0.35,0.225,0.2,0.15,0.125,0.075,0.025
26,0.75,0,1,0.775,0.35,0.225,0.175,0.125,0.1,0.05,0
27,0.75,0,1,0.875,0.65,0.225,0.2,0.175,0.125,0.075,0.025
28,0.75,0,1,0.775,0.35,0.3,0.275,0.15,0.1,0.075,0.025
29,0.75,0,1,0.575,0.45,0.225,0.2,0.175,0.125,0.075,0.025
30,0.75,0,1,0.775,0.35,0.3,0.275,0.15,0.125,0.075,0.025
31,0.75,0,1,0.575,0.35,0.325,0.275,0.225,0.1,0.05,0
32,0.75,0,1,0.775,0.65,0.225,0.2,0.175,0.125,0.05,0
33,0.75,0,1,0.575,0.45,0.225,0.2,0.175,0.125,0.05,0
34,0.75,0,1,0.775,0.35,0.3,0.15,0.125,0.1,0.05,0
35,0.75,0,1,0.575,0.525,0.3,0.175,0.15,0.1,0.075,0.025
36,0.75,0,1,0.775,0.675,0.55,0.2,0.15,0.125,0.075,0
37,0.75,0,1,0.775,0.35,0.225,0.2,0.15,0.125,0.075,0
38,0.75,0,1,0.925,0.675,0.625,0.275,0.225,0.075,0.05,0
39,0.75,0,1,0.775,0.35,0.3,0.25,0.2,0.075,0.05,0
40,0.75,0,1,0.775,0.675,0.325,0.3,0.25,0.125,0.075,0
41,0.75,0,1,0.775,0.675,0.6,0.25,0.125,0.075,0.05,0
42,0.75,0,1,0.95,0.55,0.5,0.375,0.175,0.125,0.05,0
43,0.75,0,1,0.775,0.725,0.325,0.275,0.25,0.2,0.05,0
44,0.75,0,1,0.875,0.65,0.55,0.2,0.15,0.075,0.05,0
45,0.75,0,1,0.575,0.525,0.5,0.3,0.25,0.1,0.05,0
46,0.75,0,1,0.775,0.675,0.625,0.6,0.475,0.125,0.075,0.025
47,0.75,0,1,0.925,0.8,0.55,0.2,0.15,0.1,0.05,0
48,0.75,0,1,0.775,0.35,0.225,0.2,0.15,0.1,0.075,0.025
49,0.75,0,1,0.775,0.35,0.325,0.3,0.25,0.125,0.075,0
50,0.75,0,1,0.775,0.725,0.325,0.2,0.175,0.125,0.075,0
51,0.75,0,1,0.95,0.9,0.675,0.55,0.475,0.125,0.075,0.025
52,0.75,0,1,0.575,0.35,0.3,0.25,0.125,0.075,0.05,0
53,0.75,0,1,0.575,0.35,0.225,0.2,0.175,0.125,0.05,0
54,0.75,0,1,0.875,0.65,0.225,0.2,0.175,0.125,0.075,0.025
55,0.75,0,1,0.775,0.35,0.3,0.275,0.25,0.125,0.075,0.025
56,0.75,0,1,0.775,0.725,0.3,0.175,0.15,0.125,0.075,0.025
57,0.75,0,1,0.775,0.35,0.325,0.275,0.225,0.1,0.075,0.025
58,0.75,0,1,0.875,0.65,0.225,0.2,0.175,0.125,0.075,0
59,0.75,0,1,0.925,0.85,0.45,0.25,0.125,0.1,0.05,0
60,0.75,0,1,0.95,0.725,0.3,0.275,0.25,0.2,0.075,0.025
61,0.75,0,1,0.925,0.525,0.325,0.2,0.15,0.1,0.05,0
62,0.75,0,1,0.775,0.35,0.3,0.225,0.1,0.075,0.05,0
63,0.75,0,1,0.775,0.35,0.3,0.175,0.125,0.1,0.05,0
64,0.75,0,1,0.875,0.65,0.225,0.2,0.175,0.125,0.05,0
65,0.75,0,1,0.575,0.35,0.225,0.2,0.175,0.125,0.075,0
66,0.75,0,1,0.775,0.725,0.325,0.2,0.175,0.125,0.075,0
67,0.75,0,1,0.775,0.35,0.225,0.2,0.175,0.125,0.075,0.025
68,0.75,0,1,0.775,0.675,0.325,0.275,0.15,0.1,0.025,0
69,0.75,0,1,0.925,0.525,0.325,0.275,0.25,0.125,0.075,0
70,0.75,0,1,0.575,0.35,0.325,0.2,0.15,0.1,0.05,0
71,0.75,0,1,0.95,0.725,0.3,0.275,0.15,0.1,0.05,0
72,0.75,0,1,0.775,0.35,0.225,0.175,0.125,0.075,0.025,0
73,0.75,0,1,0.925,0.675,0.325,0.275,0.25,0.125,0.075,0
74,0.75,0,1,0.775,0.675,0.55,0.25,0.125,0.1,0.05,0
75,0.75,0,1,0.775,0.675,0.275,0.15,0.125,0.075,0.05,0
76,0.75,0,1,0.925,0.675,0.325,0.2,0.15,0.125,0.075,0
77,0.75,0,1,0.775,0.35,0.3,0.175,0.125,0.075,0.05,0
78,0.75,0,1,0.775,0.675,0.55,0.45,0.125,0.075,0.025,0
79,0.75,0,1,0.575,0.525,0.325,0.2,0.175,0.125,0.075,0.025
80,0.75,0,1,0.775,0.35,0.225,0.2,0.175,0.125,0.05,0
81,0.75,0,1,0.925,0.675,0.325,0.275,0.125,0.075,0.05,0
82,0.75,0,1,0.575,0.45,0.225,0.2,0.175,0.125,0.075,0.025
83,0.75,0,1,0.775,0.35,0.325,0.2,0.15,0.1,0.05,0
84,0.75,0,1,0.775,0.35,0.325,0.3,0.175,0.125,0.075,0
85,0.75,0,1,0.95,0.825,0.425,0.2,0.15,0.075,0.05,0
86,0.75,0,1,0.775,0.675,0.325,0.2,0.175,0.125,0.075,0
87,0.75,0,1,0.775,0.675,0.325,0.275,0.15,0.1,0.075,0.025
88,0.75,0,1,0.775,0.35,0.325,0.2,0.175,0.125,0.075,0
89,0.75,0,1,0.775,0.35,0.325,0.2,0.175,0.125,0.075,0
90,0.75,0,1,0.575,0.525,0.4,0.2,0.15,0.075,0.05,0
91,0.75,0,1,0.775,0.35,0.225,0.2,0.15,0.125,0.075,0.025
92,0.75,0,1,0.925,0.85,0.6,0.475,0.1,0.05,0.025,0
93,0.75,0,1,0.875,0.65,0.225,0.2,0.175,0.125,0.075,0.025
94,0.75,0,1,0.775,0.725,0.325,0.3,0.25,0.175,0.05,0
95,0.75,0,1,0.775,0.725,0.625,0.275,0.15,0.1,0.025,0
96,0.75,0,1,0.775,0.35,0.325,0.2,0.175,0.125,0.05,0
97,0.75,0,1,0.575,0.35,0.225,0.2,0.175,0.125,0.075,0.025
98,0.75,0,1,0.775,0.35,0.325,0.275,0.225,0.175,0.025,0
99,0.75,0,1,0.775,0.725,0.3,0.25,0.225,0.1,0.075,0.025
100,0.75,0,1,0.875,0.65,0.55,0.2,0.15,0.125,0.075,0
101,0.75,0,1,0.575,0.35,0.325,0.275,0.15,0.125,0.075,0.025
102,0.75,0,1,0.95,0.9,0.65,0.3,0.25,0.125,0.075,0
103,0.75,0,1,0.875,0.65,0.225,0.2,0.15,0.1,0.05,0
104,0.75,0,1,0.875,0.825,0.775,0.375,0.15,0.1,0.05,0
105,0.75,0,1,0.775,0.35,0.225,0.175,0.15,0.1,0.025,0
106,0.75,0,1,0.925,0.675,0.55,0.525,0.425,0.1,0.05,0
107,0.75,0,1,0.775,0.35,0.325,0.275,0.125,0.1,0.05,0
108,0.75,0,1,0.925,0.775,0.375,0.325,0.1,0.075,0.05,0
109,0.75,0,1,0.575,0.35,0.225,0.175,0.125,0.1,0.075,0.025
110,0.75,0,1,0.775,0.65,0.225,0.2,0.175,0.125,0.075,0
111,0.75,0,1,0.575,0.35,0.325,0.2,0.175,0.125,0.075,0
112,0.75,0,1,0.875,0.65,0.225,0.2,0.175,0.125,0.075,0
113,0.75,0,1,0.95,0.725,0.325,0.2,0.175,0.125,0.05,0
114,0.75,0,1,0.775,0.35,0.325,0.3,0.175,0.125,0.05,0
115,0.75,0,1,0.575,0.35,0.225,0.175,0.15,0.125,0.075,0.025
116,0.75,0,1,0.775,0.675,0.325,0.275,0.15,0.125,0.075,0
117,0.75,0,1,0.775,0.65,0.225,0.175,0.125,0.075,0.05,0
118,0.75,0,1,0.775,0.65,0.6,0.5,0.475,0.125,0.075,0
119,0.75,0,1,0.775,0.725,0.325,0.3,0.25,0.1,0.05,0
120,0.75,0,1,0.95,0.9,0.85,0.45,0.25,0.125,0.075,0
121,0.75,0,1,0.575,0.35,0.225,0.175,0.15,0.125,0.075,0.025
122,0.75,0,1,0.575,0.35,0.325,0.3,0.175,0.125,0.075,0.025
123,0.75,0,1,0.925,0.525,0.325,0.2,0.15,0.1,0.075,0.025
124,0.75,0,1,0.925,0.675,0.325,0.275,0.125,0.1,0.05,0
125,0.75,0,1,0.575,0.35,0.325,0.2,0.15,0.125,0.075,0
126,0.75,0,1,0.575,0.45,0.225,0.2,0.15,0.125,0.075,0
127,0.75,0,1,0.95,0.55,0.325,0.275,0.15,0.125,0.075,0.025
128,0.75,0,1,0.775,0.35,0.325,0.3,0.175,0.125,0.075,0
129,0.75,0,1,0.875,0.8,0.55,0.2,0.15,0.125,0.075,0
130,0.75,0,1,0.925,0.85,0.6,0.525,0.225,0.1,0.05,0
131,0.75,0,1,0.95,0.725,0.325,0.2,0.15,0.1,0.05,0
132,0.75,0,1,0.775,0.35,0.225,0.175,0.1,0.075,0.05,0
133,0.75,0,1,0.575,0.35,0.325,0.2,0.175,0.125,0.075,0.025
134,0.75,0,1,0.575,0.35,0.3,0.275,0.15,0.125,0.075,0.025
135,0.75,0,1,0.775,0.675,0.65,0.525,0.175,0.125,0.075,0
136,0.75,0,1,0.95,0.725,0.3,0.275,0.15,0.125,0.075,0
137,0.75,0,1,0.775,0.65,0.6,0.2,0.15,0.1,0.05,0
138,0.75,0,1,0.775,0.675,0.325,0.2,0.15,0.1,0.05,0
139,0.75,0,1,0.925,0.8,0.55,0.525,0.175,0.125,0.075,0
140,0.75,0,1,0.775,0.35,0.325,0.3,0.25,0.1,0.05,0
141,0.75,0,1,0.575,0.35,0.225,0.175,0.15,0.1,0.025,0
142,0.75,0,1,0.775,0.65,0.55,0.2,0.175,0.125,0.075,0
143,0.75,0,1,0.875,0.45,0.225,0.2,0.15,0.125,0.075,0
144,0.75,0,1,0.575,0.35,0.225,0.175,0.125,0.1,0.075,0.025
145,0.75,0,1,0.95,0.725,0.325,0.2,0.15,0.125,0.075,0
146,0.75,0,1,0.575,0.35,0.325,0.275,0.225,0.075,0.05,0
147,0.75,0,1,0.575,0.35,0.325,0.2,0.175,0.125,0.075,0.025
148,0.75,0,1,0.775,0.35,0.325,0.3,0.25,0.175,0.05,0
149,0.75,0,1,0.775,0.35,0.3,0.175,0.15,0.1,0.075,0.025
150,0.75,0,1,0.775,0.675,0.65,0.525,0.175,0.125,0.075,0.025
151,0.75,0,1,0.925,0.675,0.575,0.25,0.125,0.075,0.025,0
152,0.75,0,1,0.775,0.35,0.325,0.2,0.175,0.125,0.075,0
153,0.75,0,1,0.875,0.65,0.225,0.2,0.15,0.125,0.075,0
154,0.75,0,1,0.775,0.35,0.325,0.2,0.175,0.125,0.075,0
155,0.75,0,1,0.775,0.35,0.225,0.2,0.175,0.125,0.05,0
156,0.75,0,1,0.875,0.65,0.6,0.175,0.15,0.1,0.05,0
157,0.75,0,1,0.575,0.35,0.325,0.3,0.25,0.125,0.075,0
158,0.75,0,1,0.775,0.675,0.325,0.3,0.175,0.125,0.075,0
159,0.75,0,1,0.775,0.675,0.275,0.25,0.2,0.15,0.025,0
160,0.75,0,1,0.575,0.35,0.325,0.3,0.25,0.125,0.075,0.025
161,0.75,0,1,0.575,0.35,0.325,0.275,0.25,0.125,0.075,0
162,0.75,0,1,0.775,0.725,0.625,0.5,0.15,0.125,0.075,0
163,0.75,0,1,0.875,0.65,0.225,0.2,0.15,0.1,0.05,0
164,0.75,0,1,0.775,0.35,0.325,0.2,0.15,0.125,0.075,0
165,0.75,0,1,0.875,0.65,0.55,0.525,0.425,0.35,0.05,0
166,0.75,0,1,0.775,0.65,0.225,0.175,0.1,0.075,0.05,0
167,0.75,0,1,0.875,0.8,0.55,0.2,0.15,0.125,0.075,0.025
168,0.75,0,1,0.575,0.45,0.225,0.2,0.175,0.125,0.075,0
169,0.75,0,1,0.775,0.35,0.3,0.15,0.125,0.1,0.05,0
170,0.75,0,1,0.575,0.35,0.325,0.275,0.225,0.1,0.075,0.025
171,0.75,0,1,0.925,0.675,0.575,0.25,0.125,0.075,0.025,0
172,0.75,0,1,0.575,0.525,0.3,0.275,0.15,0.125,0.075,0.025
173,0.75,0,1,0.775,0.675,0.55,0.2,0.15,0.1,0.05,0
174,0.75,0,1,0.775,0.35,0.325,0.3,0.25,0.125,0.075,0.025
175,0.75,0,1,0.775,0.65,0.6,0.5,0.125,0.1,0.05,0
176,0.75,0,1,0.775,0.35,0.325,0.2,0.15,0.075,0.05,0
177,0.75,0,1,0.575,0.35,0.325,0.2,0.175,0.125,0.075,0
178,0.75,0,1,0.775,0.35,0.325,0.2,0.15,0.1,0.025,0
179,0.75,0,1,0.575,0.45,0.4,0.175,0.15,0.1,0.05,0
180,0.75,0,1,0.875,0.65,0.55,0.525,0.475,0.375,0.05,0
181,0.75,0,1,0.875,0.65,0.225,0.2,0.175,0.125,0.075,0
182,0.75,0,1,0.95,0.825,0.775,0.55,0.15,0.125,0.075,0.025
183,0.75,0,1,0.95,0.55,0.5,0.3,0.25,0.125,0.075,0.025
184,0.75,0,1,0.925,0.675,0.325,0.3,0.25,0.175,0.05,0
185,0.75,0,1,0.775,0.35,0.3,0.25,0.2,0.175,0.05,0
186,0.75,0,1,0.95,0.825,0.6,0.175,0.15,0.125,0.075,0.025
187,0.75,0,1,0.575,0.35,0.325,0.275,0.125,0.1,0.05,0
188,0.75,0,1,0.925,0.675,0.325,0.2,0.15,0.125,0.075,0
189,0.75,0,1,0.925,0.8,0.4,0.2,0.15,0.1,0.05,0
190,0.75,0,1,0.875,0.45,0.4,0.175,0.15,0.125,0.075,0.025
191,0.75,0,1,0.775,0.725,0.3,0.25,0.2,0.075,0.05,0
192,0.75,0,1,0.775,0.725,0.3,0.275,0.15,0.125,0.075,0.025
193,0.75,0,1,0.775,0.65,0.225,0.175,0.15,0.1,0.05,0
194,0.75,0,1,0.925,0.65,0.525,0.425,0.125,0.075,0.025,0
195,0.75,0,1,0.575,0.35,0.225,0.2,0.15,0.1,0.05,0
196,0.75,0,1,0.575,0.525,0.325,0.2,0.15,0.1,0.025,0
197,0.75,0,1,0.775,0.725,0.675,0.575,0.2,0.175,0.05,0
198,0.75,0,1,0.925,0.675,0.325,0.2,0.175,0.125,0.075,0.025
199,0.75,0,1,0.575,0.35,0.225,0.2,0.15,0.125,0.075,0.025
200,0.75,0,1,0.575,0.35,0.325,0.3,0.175,0.125,0.075,0
201,0.75,0,1,0.775,0.675,0.325,0.275,0.225,0.175,0.05,0
202,0.75,0,1,0.875,0.65,0.55,0.2,0.15,0.125,0.075,0.025
203,0.75,0,1,0.775,0.35,0.325,0.2,0.175,0.125,0.075,0.025
204,0.75,0,1,0.95,0.55,0.325,0.275,0.125,0.1,0.05,0
205,0.75,0,1,0.925,0.65,0.6,0.5,0.2,0.15,0.025,0
206,0.75,0,1,0.775,0.725,0.625,0.275,0.25,0.125,0.075,0
207,0.75,0,1,0.775,0.65,0.6,0.2,0.175,0.125,0.075,0.025
208,0.75,0,1,0.875,0.45,0.225,0.2,0.175,0.125,0.05,0
209,0.75,0,1,0.775,0.65,0.225,0.2,0.175,0.125,0.05,0
210,0.75,0,1,0.775,0.675,0.325,0.2,0.15,0.1,0.05,0
211,0.75,0,1,0.575,0.55,0.5,0.25,0.125,0.1,0.05,0
212,0.75,0,1,0.775,0.35,0.225,0.2,0.175,0.125,0.05,0
213,0.75,0,1,0.925,0.675,0.65,0.3,0.25,0.125,0.075,0
214,0.75,0,1,0.575,0.525,0.325,0.275,0.15,0.125,0.075,0
215,0.75,0,1,0.775,0.35,0.325,0.2,0.175,0.125,0.075,0.025
216,0.75,0,1,0.775,0.725,0.3,0.25,0.1,0.075,0.025,0
217,0.75,0,1,0.775,0.35,0.225,0.175,0.15,0.125,0.075,0.025
218,0.75,0,1,0.925,0.525,0.325,0.275,0.125,0.1,0.05,0
219,0.75,0,1,0.575,0.35,0.225,0.2,0.15,0.125,0.075,0.025
220,0.75,0,1,0.775,0.35,0.325,0.275,0.25,0.125,0.075,0.025
221,0.75,0,1,0.775,0.65,0.225,0.2,0.15,0.125,0.075,0.025
222,0.75,0,1,0.575,0.35,0.325,0.2,0.15,0.125,0.075,0
223,0.75,0,1,0.95,0.525,0.3,0.275,0.15,0.125,0.075,0.025
224,0.75,0,1,0.775,0.35,0.3,0.175,0.15,0.1,0.05,0
225,0.75,0,1,0.775,0.35,0.3,0.25,0.2,0.075,0.05,0
226,0.75,0,1,0.875,0.65,0.225,0.2,0.175,0.125,0.075,0.025
227,0.75,0,1,0.575,0.35,0.325,0.2,0.15,0.075,0.05,0
228,0.75,0,1,0.575,0.35,0.3,0.275,0.25,0.125,0.075,0
229,0.75,0,1,0.775,0.35,0.225,0.2,0.15,0.1,0.075,0.025
230,0.75,0,1,0.575,0.35,0.325,0.2,0.15,0.1,0.05,0
231,0.75,0,1,0.95,0.9,0.675,0.575,0.225,0.1,0.05,0
232,0.75,0,1,0.575,0.525,0.325,0.3,0.175,0.125,0.075,0.025
233,0.75,0,1,0.775,0.675,0.55,0.2,0.175,0.125,0.075,0
234,0.75,0,1,0.775,0.65,0.55,0.525,0.175,0.125,0.075,0.025
235,0.75,0,1,0.775,0.35,0.225,0.2,0.175,0.125,0.075,0.025
236,0.75,0,1,0.925,0.85,0.6,0.225,0.2,0.175,0.05,0
237,0.75,0,1,0.775,0.65,0.55,0.2,0.175,0.125,0.075,0.025
238,0.75,0,1,0.95,0.55,0.5,0.25,0.225,0.175,0.125,0
239,0.75,0,1,0.875,0.45,0.225,0.2,0.175,0.125,0.075,0
240,0.75,0,1,0.775,0.725,0.675,0.275,0.25,0.125,0.075,0.025
241,0.75,0,1,0.775,0.35,0.225,0.2,0.15,0.125,0.075,0
242,0.75,0,1,0.775,0.35,0.325,0.275,0.25,0.2,0.05,0
243,0.75,0,1,0.775,0.725,0.325,0.275,0.15,0.125,0.075,0
244,0.75,0,1,0.775,0.35,0.225,0.2,0.15,0.1,0.05,0
245,0.75,0,1,0.875,0.65,0.6,0.55,0.5,0.1,0.075,0.025
246,0.75,0,1,0.775,0.35,0.325,0.2,0.15,0.125,0.075,0
247,0.75,0,1,0.775,0.725,0.625,0.6,0.475,0.125,0.075,0
248,0.75,0,1,0.775,0.35,0.225,0.2,0.15,0.1,0.075,0.025
249,0.75,0,1,0.575,0.55,0.5,0.275,0.15,0.125,0.075,0
250,0.75,0,1,0.775,0.65,0.55,0.525,0.175,0.125,0.075,0.025
251,0.75,0,1,0.775,0.725,0.675,0.275,0.25,0.125,0.075,0.025
252,0.75,0,1,0.775,0.675,0.575,0.425,0.375,0.075,0.05,0
253,0.75,0,1,0.875,0.45,0.225,0.2,0.15,0.125,0.075,0.025
254,0.75,0,1,0.775,0.35,0.325,0.2,0.175,0.125,0.05,0
255,0.75,0,1,0.775,0.725,0.3,0.175,0.125,0.075,0.05,0
256,0.75,0,1,0.925,0.675,0.325,0.2,0.175,0.125,0.075,0
257,0.75,0,1,0.775,0.35,0.325,0.275,0.125,0.075,0.05,0
258,0.75,0,1,0.775,0.65,0.6,0.55,0.45,0.075,0.025,0
259,0.75,0,1,0.575,0.35,0.3,0.25,0.125,0.075,0.05,0
260,0.75,0,1,0.775,0.675,0.325,0.275,0.15,0.1,0.05,0
261,0.75,0,1,0.925,0.675,0.325,0.3,0.175,0.125,0.075,0
262,0.75,0,1,0.575,0.525,0.475,0.275,0.15,0.125,0.075,0
263,0.75,0,1,0.575,0.35,0.225,0.2,0.175,0.125,0.05,0
264,0.75,0,1,0.775,0.35,0.3,0.25,0.125,0.1,0.05,0
265,0.75,0,1,0.775,0.35,0.3,0.275,0.15,0.1,0.05,0
266,0.75,0,1,0.875,0.8,0.4,0.2,0.15,0.1,0.05,0
267,0.75,0,1,0.575,0.45,0.225,0.2,0.175,0.125,0.075,0
268,0.75,0,1,0.875,0.65,0.6,0.5,0.15,0.1,0.05,0
269,0.75,0,1,0.575,0.35,0.325,0.2,0.15,0.075,0.05,0
270,0.75,0,1,0.775,0.35,0.3,0.25,0.125,0.1,0.05,0
271,0.75,0,1,0.775,0.675,0.325,0.2,0.15,0.1,0.05,0
272,0.75,0,1,0.575,0.35,0.325,0.275,0.15,0.1,0.05,0
273,0.75,0,1,0.575,0.525,0.475,0.275,0.15,0.125,0.075,0.025
274,0.75,0,1,0.575,0.35,0.325,0.2,0.175,0.125,0.05,0
275,0.75,0,1,0.775,0.65,0.55,0.2,0.15,0.1,0.075,0.025
276,0.75,0,1,0.775,0.35,0.325,0.3,0.25,0.2,0.05,0
277,0.75,0,1,0.775,0.725,0.325,0.3,0.25,0.125,0.075,0
278,0.75,0,1,0.775,0.35,0.225,0.2,0.15,0.1,0.05,0
279,0.75,0,1,0.775,0.65,0.225,0.2,0.15,0.125,0.075,0.025
280,0.75,0,1,0.575,0.525,0.325,0.2,0.15,0.1,0.05,0
281,0.75,0,1,0.95,0.825,0.6,0.5,0.15,0.125,0.075,0.025
282,0.75,0,1,0.775,0.35,0.325,0.275,0.225,0.175,0.05,0
283,0.75,0,1,0.95,0.725,0.6,0.175,0.125,0.1,0.05,0
284,0.75,0,1,0.775,0.65,0.225,0.2,0.15,0.1,0.05,0
285,0.75,0,1,0.875,0.825,0.425,0.2,0.175,0.125,0.075,0
286,0.75,0,1,0.775,0.35,0.325,0.2,0.15,0.125,0.075,0
287,0.75,0,1,0.775,0.65,0.6,0.525,0.175,0.125,0.075,0.025
288,0.75,0,1,0.575,0.35,0.3,0.25,0.125,0.1,0.05,0
289,0.75,0,1,0.575,0.35,0.225,0.2,0.15,0.075,0.025,0
290,0.75,0,1,0.775,0.65,0.225,0.2,0.175,0.125,0.075,0
291,0.75,0,1,0.775,0.35,0.325,0.3,0.25,0.125,0.075,0.025
292,0.75,0,1,0.775,0.35,0.325,0.3,0.175,0.125,0.075,0
293,0.75,0,1,0.95,0.725,0.3,0.275,0.225,0.075,0.05,0
294,0.75,0,1,0.925,0.675,0.55,0.2,0.15,0.125,0.075,0
295,0.75,0,1,0.775,0.675,0.325,0.275,0.15,0.125,0.075,0.025
296,0.75,0,1,0.95,0.725,0.325,0.275,0.125,0.1,0.05,0
297,0.75,0,1,0.775,0.725,0.675,0.275,0.25,0.125,0.075,0
298,0.75,0,1,0.775,0.725,0.65,0.6,0.55,0.2,0.075,0.025
299,0.75,0,1,0.575,0.35,0.325,0.3,0.175,0.125,0.075,0.025
300,0.75,0,1,0.925,0.675,0.65,0.3,0.175,0.125,0.075,0
301,0.75,0,1,0.775,0.35,0.325,0.275,0.15,0.1,0.025,0
302,0.75,0,1,0.775,0.35,0.325,0.2,0.175,0.125,0.075,0.025
303,0.75,0,1,0.775,0.675,0.65,0.3,0.175,0.125,0.075,0
304,0.75,0,1,0.575,0.35,0.325,0.3,0.25,0.2,0.05,0
305,0.75,0,1,0.575,0.35,0.325,0.275,0.225,0.175,0.05,0
306,0.75,0,1,0.575,0.35,0.225,0.175,0.125,0.075,0.05,0
307,0.75,0,1,0.925,0.675,0.325,0.275,0.15,0.125,0.075,0
308,0.75,0,1,0.95,0.725,0.3,0.275,0.15,0.1,0.05,0
309,0.75,0,1,0.925,0.525,0.5,0.3,0.175,0.125,0.05,0
310,0.75,0,1,0.875,0.65,0.225,0.175,0.15,0.125,0.075,0.025
311,0.75,0,1,0.775,0.35,0.325,0.2,0.175,0.125,0.075,0.025
312,0.75,0,1,0.925,0.85,0.45,0.25,0.125,0.1,0.05,0
313,0.75,0,1,0.875,0.45,0.225,0.2,0.15,0.1,0.05,0
314,0.75,0,1,0.775,0.35,0.225,0.2,0.15,0.1,0.05,0
315,0.75,0,1,0.575,0.35,0.225,0.2,0.175,0.125,0.075,0.025
316,0.75,0,1,0.775,0.725,0.6,0.2,0.175,0.125,0.075,0.025
317,0.75,0,1,0.575,0.35,0.225,0.2,0.175,0.125,0.075,0
318,0.75,0,1,0.925,0.525,0.5,0.45,0.325,0.125,0.075,0.025
319,0.75,0,1,0.95,0.9,0.775,0.525,0.175,0.125,0.075,0.025
320,0.75,0,1,0.95,0.725,0.3,0.275,0.225,0.075,0.05,0
321,0.75,0,1,0.95,0.9,0.675,0.6,0.25,0.125,0.075,0.025
322,0.75,0,1,0.95,0.825,0.775,0.7,0.425,0.05,0.025,0
323,0.75,0,1,0.775,0.35,0.3,0.175,0.15,0.125,0.075,0
324,0.75,0,1,0.775,0.675,0.55,0.525,0.175,0.125,0.075,0.025
325,0.75,0,1,0.925,0.525,0.4,0.2,0.15,0.075,0.05,0
326,0.75,0,1,0.775,0.35,0.225,0.2,0.175,0.125,0.075,0
327,0.75,0,1,0.775,0.675,0.325,0.275,0.125,0.075,0.05,0
328,0.75,0,1,0.775,0.725,0.625,0.275,0.25,0.125,0.075,0.025
329,0.75,0,1,0.575,0.35,0.3,0.25,0.2,0.15,0.125,0
330,0.75,0,1,0.875,0.825,0.775,0.375,0.175,0.125,0.075,0.025
331,0.75,0,1,0.775,0.35,0.225,0.2,0.175,0.125,0.075,0
332,0.75,0,1,0.775,0.35,0.325,0.275,0.225,0.175,0.05,0
333,0.75,0,1,0.775,0.65,0.55,0.2,0.175,0.125,0.075,0
334,0.75,0,1,0.775,0.725,0.625,0.275,0.25,0.125,0.075,0
335,0.75,0,1,0.925,0.8,0.55,0.2,0.175,0.125,0.05,0
336,0.75,0,1,0.775,0.35,0.325,0.3,0.175,0.125,0.075,0.025
337,0.75,0,1,0.775,0.35,0.325,0.3,0.175,0.125,0.075,0.025
338,0.75,0,1,0.925,0.675,0.325,0.3,0.175,0.125,0.075,0
339,0.75,0,1,0.95,0.55,0.5,0.3,0.175,0.125,0.075,0
340,0.75,0,1,0.775,0.675,0.325,0.2,0.15,0.1,0.05,0
341,0.75,0,1,0.575,0.35,0.225,0.2,0.15,0.125,0.075,0.025
342,0.75,0,1,0.95,0.725,0.325,0.275,0.25,0.2,0.15,0
343,0.75,0,1,0.775,0.35,0.325,0.275,0.125,0.075,0.05,0
344,0.75,0,1,0.575,0.35,0.325,0.2,0.175,0.125,0.05,0
345,0.75,0,1,0.775,0.675,0.325,0.275,0.225,0.1,0.075,0.025
346,0.75,0,1,0.925,0.9,0.5,0.3,0.175,0.125,0.05,0
347,0.75,0,1,0.95,0.875,0.6,0.25,0.125,0.1,0.05,0
348,0.75,0,1,0.925,0.675,0.55,0.2,0.15,0.125,0.075,0
349,0.75,0,1,0.775,0.675,0.325,0.3,0.175,0.125,0.075,0
350,0.75,0,1,0.775,0.65,0.225,0.2,0.15,0.125,0.075,0
351,0.75,0,1,0.875,0.45,0.4,0.375,0.325,0.275,0.075,0.025
352,0.75,0,1,0.775,0.725,0.675,0.275,0.15,0.125,0.075,0.025
353,0.75,0,1,0.925,0.675,0.625,0.275,0.15,0.1,0.05,0
354,0.75,0,1,0.775,0.675,0.325,0.2,0.175,0.125,0.075,0.025
355,0.75,0,1,0.575,0.35,0.3,0.175,0.15,0.125,0.075,0.025
356,0.75,0,1,0.925,0.525,0.325,0.275,0.25,0.125,0.075,0
357,0.75,0,1,0.775,0.65,0.6,0.2,0.15,0.125,0.075,0.025
358,0.75,0,1,0.775,0.35,0.325,0.275,0.15,0.1,0.025,0
359,0.75,0,1,0.775,0.35,0.225,0.2,0.175,0.125,0.075,0.025
360,0.75,0,1,0.575,0.35,0.325,0.2,0.175,0.125,0.05,0
361,0.75,0,1,0.775,0.675,0.325,0.275,0.25,0.125,0.075,0.025
362,0.75,0,1,0.775,0.35,0.325,0.275,0.225,0.1,0.05,0
363,0.75,0,1,0.775,0.35,0.325,0.2,0.15,0.1,0.025,0
364,0.75,0,1,0.95,0.725,0.3,0.175,0.15,0.1,0.075,0.025
365,0.75,0,1,0.925,0.675,0.325,0.275,0.225,0.075,0.025,0
366,0.75,0,1,0.775,0.35,0.225,0.2,0.15,0.075,0.05,0
367,0.75,0,1,0.575,0.35,0.3,0.15,0.125,0.075,0.05,0
368,0.75,0,1,0.775,0.725,0.325,0.2,0.15,0.125,0.075,0.025
369,0.75,0,1,0.925,0.65,0.275,0.225,0.2,0.175,0.05,0
370,0.75,0,1,0.95,0.9,0.65,0.525,0.175,0.125,0.075,0.025
371,0.75,0,1,0.925,0.8,0.55,0.2,0.175,0.125,0.075,0.025
372,0.75,0,1,0.775,0.675,0.275,0.225,0.2,0.075,0.05,0
373,0.75,0,1,0.775,0.35,0.325,0.3,0.175,0.125,0.05,0
374,0.75,0,1,0.775,0.675,0.325,0.2,0.175,0.125,0.05,0
375,0.75,0,1,0.775,0.65,0.6,0.2,0.175,0.125,0.075,0.025
376,0.75,0,1,0.575,0.35,0.325,0.3,0.175,0.125,0.05,0
377,0.75,0,1,0.575,0.35,0.325,0.3,0.175,0.125,0.075,0
378,0.75,0,1,0.775,0.35,0.325,0.2,0.15,0.1,0.05,0
379,0.75,0,1,0.575,0.35,0.325,0.275,0.15,0.125,0.075,0
380,0.75,0,1,0.575,0.55,0.325,0.2,0.175,0.125,0.075,0
381,0.75,0,1,0.775,0.35,0.3,0.275,0.225,0.075,0.05,0
382,0.75,0,1,0.775,0.725,0.325,0.2,0.15,0.1,0.05,0
383,0.75,0,1,0.775,0.65,0.225,0.175,0.15,0.125,0.075,0
384,0.75,0,1,0.775,0.725,0.325,0.275,0.15,0.125,0.075,0.025
385,0.75,0,1,0.575,0.45,0.225,0.2,0.15,0.1,0.075,0.025
386,0.75,0,1,0.925,0.525,0.325,0.3,0.175,0.125,0.075,0
387,0.75,0,1,0.575,0.35,0.225,0.2,0.175,0.125,0.075,0.025
388,0.75,0,1,0.925,0.875,0.625,0.275,0.15,0.1,0.05,0
389,0.75,0,1,0.95,0.725,0.675,0.55,0.15,0.125,0.075,0
390,0.75,0,1,0.775,0.35,0.3,0.15,0.125,0.075,0.025,0
391,0.75,0,1,0.775,0.35,0.325,0.3,0.175,0.125,0.075,0.025
392,0.75,0,1,0.575,0.35,0.3,0.275,0.25,0.125,0.075,0
393,0.75,0,1,0.925,0.675,0.325,0.2,0.15,0.1,0.075,0.025
394,0.75,0,1,0.925,0.675,0.65,0.525,0.175,0.125,0.075,0.025
395,0.75,0,1,0.875,0.825,0.6,0.5,0.15,0.1,0.05,0
396,0.75,0,1,0.775,0.675,0.55,0.2,0.15,0.075,0.025,0
397,0.75,0,1,0.575,0.35,0.3,0.15,0.125,0.075,0.05,0
398,0.75,0,1,0.875,0.8,0.7,0.425,0.375,0.325,0.025,0
399,0.75,0,1,0.875,0.65,0.55,0.2,0.175,0.125,0.075,0
400,0.75,0,1,0.775,0.65,0.225,0.2,0.175,0.125,0.075,0.025
401,0.75,0,1,0.575,0.525,0.3,0.175,0.15,0.125,0.075,0
402,0.75,0,1,0.775,0.35,0.325,0.275,0.125,0.1,0.05,0
403,0.75,0,1,0.95,0.725,0.6,0.55,0.475,0.125,0.075,0
404,0.75,0,1,0.775,0.725,0.625,0.5,0.15,0.1,0.05,0
405,0.75,0,1,0.775,0.675,0.55,0.2,0.175,0.125,0.075,0
406,0.75,0,1,0.775,0.675,0.625,0.275,0.15,0.125,0.075,0.025
407,0.75,0,1,0.775,0.675,0.625,0.275,0.25,0.2,0.075,0.025
408,0.75,0,1,0.925,0.675,0.325,0.2,0.15,0.1,0.05,0
409,0.75,0,1,0.775,0.675,0.325,0.3,0.175,0.125,0.075,0.025
410,0.75,0,1,0.875,0.825,0.6,0.2,0.15,0.125,0.075,0
411,0.75,0,1,0.775,0.35,0.325,0.2,0.15,0.125,0.075,0
412,0.75,0,1,0.775,0.675,0.325,0.2,0.15,0.1,0.05,0
413,0.75,0,1,0.95,0.725,0.325,0.3,0.25,0.1,0.05,0
414,0.75,0,1,0.95,0.725,0.625,0.275,0.15,0.125,0.075,0.025
415,0.75,0,1,0.95,0.825,0.6,0.175,0.15,0.125,0.075,0.025
416,0.75,0,1,0.775,0.65,0.6,0.525,0.475,0.425,0.075,0.025
417,0.75,0,1,0.775,0.65,0.6,0.2,0.175,0.125,0.075,0
418,0.75,0,1,0.775,0.35,0.225,0.2,0.15,0.125,0.075,0
419,0.75,0,1,0.775,0.35,0.325,0.3,0.175,0.125,0.05,0
420,0.75,0,1,0.775,0.35,0.325,0.275,0.125,0.1,0.05,0
421,0.75,0,1,0.95,0.725,0.3,0.25,0.225,0.1,0.075,0.025
422,0.75,0,1,0.775,0.35,0.3,0.275,0.25,0.125,0.075,0.025
423,0.75,0,1,0.925,0.9,0.65,0.3,0.175,0.125,0.075,0.025
424,0.75,0,1,0.775,0.35,0.325,0.275,0.15,0.1,0.05,0
425,0.75,0,1,0.775,0.675,0.55,0.25,0.125,0.075,0.05,0
426,0.75,0,1,0.875,0.65,0.55,0.15,0.125,0.075,0.05,0
427,0.75,0,1,0.875,0.65,0.225,0.2,0.15,0.1,0.05,0
428,0.75,0,1,0.775,0.675,0.55,0.5,0.2,0.15,0.025,0
429,0.75,0,1,0.775,0.675,0.625,0.275,0.25,0.125,0.075,0.025
430,0.75,0,1,0.925,0.65,0.55,0.25,0.2,0.075,0.05,0
431,0.75,0,1,0.775,0.675,0.325,0.275,0.2,0.075,0.05,0
432,0.75,0,1,0.775,0.725,0.6,0.2,0.175,0.125,0.05,0
433,0.75,0,1,0.875,0.45,0.225,0.2,0.15,0.125,0.075,0
434,0.75,0,1,0.775,0.35,0.325,0.2,0.15,0.125,0.075,0
435,0.75,0,1,0.95,0.55,0.325,0.3,0.25,0.125,0.075,0.025
436,0.75,0,1,0.925,0.675,0.65,0.55,0.225,0.1,0.05,0
437,0.75,0,1,0.775,0.35,0.3,0.275,0.15,0.1,0.05,0
438,0.75,0,1,0.925,0.65,0.525,0.15,0.125,0.1,0.05,0
439,0.75,0,1,0.575,0.35,0.3,0.275,0.15,0.1,0.025,0
440,0.75,0,1,0.775,0.675,0.325,0.275,0.25,0.2,0.075,0.025
441,0.75,0,1,0.775,0.675,0.275,0.25,0.125,0.075,0.025,0
442,0.75,0,1,0.95,0.725,0.325,0.2,0.175,0.125,0.075,0
443,0.75,0,1,0.775,0.675,0.625,0.275,0.15,0.1,0.05,0
444,0.75,0,1,0.775,0.35,0.225,0.2,0.175,0.125,0.05,0
445,0.75,0,1,0.775,0.675,0.325,0.2,0.15,0.1,0.025,0
446,0.75,0,1,0.95,0.9,0.775,0.55,0.15,0.125,0.075,0.025
447,0.75,0,1,0.575,0.35,0.225,0.175,0.15,0.125,0.075,0
448,0.75,0,1,0.775,0.65,0.6,0.5,0.15,0.1,0.05,0
449,0.75,0,1,0.575,0.35,0.325,0.275,0.225,0.1,0.075,0.025
450,0.75,0,1,0.775,0.35,0.325,0.2,0.175,0.125,0.075,0
451,0.75,0,1,0.575,0.525,0.3,0.275,0.25,0.125,0.075,0.025
452,0.75,0,1,0.875,0.65,0.55,0.5,0.15,0.125,0.075,0.025
453,0.75,0,1,0.575,0.35,0.225,0.2,0.15,0.075,0.025,0
454,0.75,0,1,0.575,0.45,0.225,0.2,0.175,0.125,0.075,0.025
455,0.75,0,1,0.575,0.35,0.325,0.2,0.15,0.075,0.05,0
456,0.75,0,1,0.775,0.35,0.3,0.275,0.225,0.2,0.15,0
457,0.75,0,1,0.775,0.675,0.55,0.5,0.15,0.125,0.075,0
458,0.75,0,1,0.775,0.35,0.325,0.275,0.15,0.1,0.025,0
459,0.75,0,1,0.575,0.35,0.325,0.3,0.25,0.1,0.05,0
460,0.75,0,1,0.775,0.675,0.325,0.3,0.175,0.125,0.05,0
461,0.75,0,1,0.775,0.675,0.325,0.3,0.175,0.125,0.075,0.025
462,0.75,0,1,0.925,0.525,0.325,0.275,0.125,0.1,0.05,0
463,0.75,0,1,0.875,0.825,0.6,0.2,0.15,0.075,0.05,0
464,0.75,0,1,0.775,0.675,0.55,0.425,0.375,0.075,0.05,0
465,0.75,0,1,0.775,0.725,0.625,0.275,0.15,0.125,0.075,0.025
466,0.75,0,1,0.775,0.35,0.325,0.2,0.15,0.1,0.05,0
467,0.75,0,1,0.925,0.8,0.55,0.2,0.175,0.125,0.075,0
468,0.75,0,1,0.775,0.725,0.3,0.275,0.15,0.125,0.075,0.025
469,0.75,0,1,0.775,0.35,0.225,0.175,0.125,0.1,0.05,0
470,0.75,0,1,0.875,0.65,0.225,0.2,0.175,0.125,0.075,0
471,0.75,0,1,0.925,0.675,0.325,0.3,0.25,0.1,0.05,0
472,0.75,0,1,0.775,0.725,0.3,0.275,0.225,0.075,0.05,0
473,0.75,0,1,0.775,0.35,0.225,0.2,0.175,0.125,0.075,0
474,0.75,0,1,0.775,0.35,0.225,0.2,0.15,0.1,0.05,0
475,0.75,0,1,0.775,0.35,0.325,0.3,0.175,0.125,0.075,0
476,0.75,0,1,0.575,0.55,0.325,0.2,0.175,0.125,0.075,0.025
477,0.75,0,1,0.95,0.725,0.3,0.175,0.15,0.125,0.075,0.025
478,0.75,0,1,0.875,0.65,0.225,0.2,0.175,0.125,0.075,0.025
479,0.75,0,1,0.575,0.35,0.325,0.2,0.15,0.075,0.05,0
480,0.75,0,1,0.775,0.675,0.65,0.3,0.175,0.125,0.05,0
481,0.75,0,1,0.925,0.525,0.325,0.3,0.175,0.125,0.075,0.025
482,0.75,0,1,0.775,0.675,0.625,0.275,0.225,0.075,0.05,0
483,0.75,0,1,0.875,0.825,0.6,0.175,0.15,0.125,0.075,0.025
484,0.75,0,1,0.775,0.675,0.325,0.3,0.175,0.125,0.05,0
485,0.75,0,1,0.775,0.675,0.625,0.5,0.15,0.1,0.05,0
486,0.75,0,1,0.875,0.8,0.55,0.2,0.175,0.125,0.05,0
487,0.75,0,1,0.575,0.35,0.325,0.3,0.25,0.125,0.075,0.025
488,0.75,0,1,0.775,0.35,0.3,0.25,0.125,0.1,0.075,0.025
489,0.75,0,1,0.775,0.35,0.225,0.2,0.15,0.1,0.05,0
490,0.75,0,1,0.775,0.35,0.325,0.2,0.175,0.125,0.075,0
491,0.75,0,1,0.775,0.725,0.675,0.275,0.25,0.2,0.05,0
492,0.75,0,1,0.775,0.35,0.3,0.275,0.15,0.1,0.05,0
493,0.75,0,1,0.925,0.675,0.65,0.3,0.175,0.125,0.075,0
494,0.75,0,1,0.775,0.675,0.55,0.525,0.475,0.125,0.075,0
495,0.75,0,1,0.775,0.35,0.3,0.275,0.15,0.125,0.075,0.025
496,0.75,0,1,0.775,0.35,0.3,0.15,0.125,0.1,0.05,0
497,0.75,0,1,0.875,0.65,0.6,0.175,0.125,0.075,0.025,0
498,0.75,0,1,0.775,0.35,0.325,0.275,0.225,0.2,0.075,0.025
499,0.75,0,1,0.575,0.55,0.5,0.3,0.25,0.2,0.075,0.025
500,0.75,0,1,0.775,0.65,0.225,0.2,0.175,0.125,0.075,0.025
1,0.75,0.25,1,0.6,0.4,0.275,0.225,0.175,0.1,0.05,0
2,0.75,0.25,1,0.925,0.75,0.7,0.3,0.15,0.125,0.075,0
3,0.75,0.25,1,0.6,0.5,0.225,0.2,0.15,0.125,0.05,0
4,0.75,0.25,1,0.8,0.675,0.25,0.225,0.2,0.15,0.1,0
5,0.75,0.25,1,0.65,0.525,0.45,0.225,0.175,0.125,0.075,0
6,0.75,0.25,1,0.85,0.7,0.3,0.2,0.175,0.125,0.05,0
7,0.75,0.25,1,0.925,0.55,0.525,0.35,0.3,0.125,0.05,0
8,0.75,0.25,1,0.95,0.725,0.6,0.25,0.175,0.075,0.05,0
9,0.75,0.25,1,0.6,0.575,0.4,0.35,0.3,0.175,0.1,0
10,0.75,0.25,1,0.825,0.425,0.4,0.3,0.175,0.1,0.05,0
11,0.75,0.25,1,0.8,0.75,0.625,0.525,0.2,0.15,0.05,0
12,0.75,0.25,1,0.8,0.675,0.3,0.225,0.125,0.075,0.025,0
13,0.75,0.25,1,0.775,0.65,0.225,0.2,0.175,0.125,0.05,0
14,0.75,0.25,1,0.625,0.5,0.45,0.225,0.175,0.15,0.1,0
15,0.75,0.25,1,0.575,0.5,0.45,0.4,0.225,0.075,0.025,0
16,0.75,0.25,1,0.8,0.4,0.275,0.225,0.15,0.1,0.025,0
17,0.75,0.25,1,0.95,0.9,0.85,0.775,0.4,0.15,0.05,0
18,0.75,0.25,1,0.775,0.675,0.625,0.3,0.175,0.1,0.05,0
19,0.75,0.25,1,0.9,0.825,0.775,0.575,0.2,0.15,0.125,0
20,0.75,0.25,1,0.825,0.75,0.35,0.225,0.175,0.125,0.05,0
21,0.75,0.25,1,0.775,0.4,0.275,0.225,0.175,0.125,0.05,0
22,0.75,0.25,1,0.775,0.725,0.675,0.625,0.5,0.15,0.05,0
23,0.75,0.25,1,0.8,0.675,0.625,0.225,0.125,0.1,0.05,0
24,0.75,0.25,1,0.825,0.775,0.325,0.275,0.15,0.1,0.075,0
25,0.75,0.25,1,0.775,0.4,0.275,0.25,0.175,0.125,0.075,0
26,0.75,0.25,1,0.95,0.775,0.35,0.3,0.2,0.075,0.05,0
27,0.75,0.25,1,0.9,0.7,0.65,0.575,0.225,0.175,0.05,0
28,0.75,0.25,1,0.625,0.4,0.25,0.2,0.175,0.125,0.05,0
29,0.75,0.25,1,0.925,0.55,0.375,0.2,0.175,0.1,0.05,0
30,0.75,0.25,1,0.85,0.5,0.35,0.3,0.175,0.125,0.05,0
31,0.75,0.25,1,0.9,0.725,0.275,0.2,0.125,0.1,0.05,0
32,0.75,0.25,1,0.8,0.4,0.35,0.225,0.2,0.15,0.1,0
33,0.75,0.25,1,0.925,0.7,0.45,0.325,0.275,0.25,0.2,0
34,0.75,0.25,1,0.65,0.625,0.575,0.5,0.3,0.15,0.1,0
35,0.75,0.25,1,0.85,0.45,0.325,0.25,0.2,0.175,0.05,0
36,0.75,0.25,1,0.925,0.85,0.625,0.225,0.175,0.125,0.025,0
37,0.75,0.25,1,0.925,0.875,0.625,0.225,0.2,0.125,0.05,0
38,0.75,0.25,1,0.575,0.525,0.475,0.325,0.15,0.125,0.075,0
39,0.75,0.25,1,0.8,0.75,0.35,0.225,0.175,0.125,0.075,0
40,0.75,0.25,1,0.8,0.7,0.675,0.375,0.275,0.1,0.05,0
41,0.75,0.25,1,0.825,0.475,0.35,0.3,0.225,0.175,0.05,0
42,0.75,0.25,1,0.6,0.475,0.25,0.2,0.175,0.1,0.05,0
43,0.75,0.25,1,0.825,0.75,0.35,0.3,0.25,0.2,0.075,0
44,0.75,0.25,1,0.875,0.55,0.475,0.375,0.225,0.175,0.05,0
45,0.75,0.25,1,0.9,0.675,0.625,0.225,0.15,0.125,0.05,0
46,0.75,0.25,1,0.775,0.35,0.3,0.275,0.2,0.075,0.05,0
47,0.75,0.25,1,0.8,0.375,0.325,0.3,0.175,0.125,0.075,0
48,0.75,0.25,1,0.925,0.55,0.35,0.225,0.175,0.1,0.05,0
49,0.75,0.25,1,0.825,0.775,0.725,0.6,0.25,0.1,0.05,0
50,0.75,0.25,1,0.85,0.775,0.35,0.25,0.125,0.075,0.025,0
51,0.75,0.25,1,0.975,0.875,0.525,0.35,0.225,0.1,0.05,0
52,0.75,0.25,1,0.95,0.925,0.75,0.3,0.275,0.175,0.05,0
53,0.75,0.25,1,0.95,0.775,0.45,0.325,0.225,0.1,0.05,0
54,0.75,0.25,1,0.925,0.7,0.575,0.25,0.2,0.075,0.05,0
55,0.75,0.25,1,0.6,0.575,0.45,0.225,0.175,0.1,0.05,0
56,0.75,0.25,1,0.775,0.725,0.325,0.25,0.225,0.175,0.05,0
57,0.75,0.25,1,0.85,0.425,0.375,0.325,0.2,0.125,0.075,0
58,0.75,0.25,1,0.9,0.675,0.625,0.575,0.525,0.125,0.05,0
59,0.75,0.25,1,0.8,0.7,0.375,0.325,0.2,0.15,0.125,0
60,0.75,0.25,1,0.925,0.8,0.55,0.2,0.15,0.075,0.05,0
61,0.75,0.25,1,0.8,0.375,0.325,0.275,0.15,0.05,0.025,0
62,0.75,0.25,1,0.9,0.675,0.625,0.2,0.15,0.125,0.05,0
63,0.75,0.25,1,0.825,0.775,0.35,0.225,0.15,0.125,0.075,0
64,0.75,0.25,1,0.8,0.75,0.35,0.225,0.175,0.1,0.05,0
65,0.75,0.25,1,0.9,0.525,0.375,0.225,0.125,0.1,0.05,0
66,0.75,0.25,1,0.65,0.475,0.375,0.225,0.125,0.075,0.05,0
67,0.75,0.25,1,0.925,0.55,0.35,0.275,0.125,0.075,0.025,0
68,0.75,0.25,1,0.625,0.55,0.425,0.2,0.15,0.125,0.075,0
69,0.75,0.25,1,0.775,0.675,0.325,0.2,0.175,0.125,0.05,0
70,0.75,0.25,1,0.825,0.475,0.4,0.275,0.225,0.175,0.025,0
71,0.75,0.25,1,0.675,0.45,0.325,0.25,0.2,0.1,0.05,0
72,0.75,0.25,1,0.925,0.675,0.575,0.225,0.175,0.1,0.05,0
73,0.75,0.25,1,0.8,0.475,0.425,0.325,0.175,0.125,0.075,0
74,0.75,0.25,1,0.6,0.575,0.375,0.3,0.175,0.125,0.05,0
75,0.75,0.25,1,0.95,0.75,0.6,0.225,0.175,0.125,0.075,0
76,0.75,0.25,1,0.8,0.725,0.325,0.2,0.175,0.1,0.05,0
77,0.75,0.25,1,0.6,0.375,0.35,0.2,0.125,0.075,0.025,0
78,0.75,0.25,1,0.775,0.725,0.625,0.55,0.15,0.125,0.075,0
79,0.75,0.25,1,0.6,0.4,0.35,0.2,0.125,0.075,0.05,0
80,0.75,0.25,1,0.65,0.425,0.25,0.225,0.175,0.125,0.075,0
81,0.75,0.25,1,0.8,0.75,0.35,0.225,0.125,0.1,0.05,0
82,0.75,0.25,1,0.8,0.675,0.275,0.25,0.15,0.1,0.05,0
83,0.75,0.25,1,0.95,0.725,0.375,0.325,0.25,0.175,0.05,0
84,0.75,0.25,1,0.825,0.375,0.35,0.325,0.225,0.175,0.05,0
85,0.75,0.25,1,0.975,0.575,0.525,0.475,0.275,0.125,0.075,0
86,0.75,0.25,1,0.95,0.525,0.325,0.3,0.25,0.175,0.125,0
87,0.75,0.25,1,0.775,0.65,0.55,0.225,0.125,0.1,0.05,0
88,0.75,0.25,1,0.775,0.7,0.35,0.225,0.125,0.1,0.05,0
89,0.75,0.25,1,0.625,0.525,0.35,0.2,0.15,0.1,0.075,0
90,0.75,0.25,1,0.925,0.7,0.325,0.25,0.225,0.175,0.05,0
91,0.75,0.25,1,0.85,0.775,0.275,0.2,0.175,0.1,0.05,0
92,0.75,0.25,1,0.775,0.375,0.325,0.275,0.25,0.125,0.075,0
93,0.75,0.25,1,0.8,0.725,0.4,0.275,0.225,0.175,0.075,0
94,0.75,0.25,1,0.65,0.475,0.325,0.3,0.225,0.175,0.05,0
95,0.75,0.25,1,0.8,0.75,0.625,0.25,0.2,0.175,0.125,0
96,0.75,0.25,1,0.65,0.45,0.35,0.225,0.175,0.125,0.075,0
97,0.75,0.25,1,0.85,0.425,0.35,0.2,0.175,0.125,0.05,0
98,0.75,0.25,1,0.95,0.8,0.35,0.3,0.275,0.15,0.025,0
99,0.75,0.25,1,0.8,0.7,0.65,0.525,0.2,0.15,0.1,0
100,0.75,0.25,1,0.775,0.425,0.35,0.225,0.125,0.1,0.05,0
101,0.75,0.25,1,0.675,0.4,0.35,0.225,0.2,0.15,0.05,0
102,0.75,0.25,1,0.575,0.375,0.325,0.275,0.15,0.125,0.05,0
103,0.75,0.25,1,0.95,0.8,0.75,0.675,0.325,0.2,0.15,0
104,0.75,0.25,1,0.8,0.75,0.675,0.325,0.275,0.15,0.1,0
105,0.75,0.25,1,0.6,0.575,0.375,0.325,0.25,0.125,0.05,0
106,0.75,0.25,1,0.65,0.45,0.425,0.3,0.225,0.1,0.05,0
107,0.75,0.25,1,0.575,0.35,0.325,0.25,0.125,0.075,0.05,0
108,0.75,0.25,1,0.825,0.7,0.275,0.225,0.15,0.125,0.075,0
109,0.75,0.25,1,0.65,0.6,0.45,0.25,0.2,0.125,0.075,0
110,0.75,0.25,1,0.825,0.35,0.25,0.2,0.175,0.125,0.075,0
111,0.75,0.25,1,0.9,0.825,0.725,0.5,0.125,0.075,0.05,0
112,0.75,0.25,1,0.775,0.725,0.625,0.6,0.475,0.15,0.1,0
113,0.75,0.25,1,0.85,0.75,0.7,0.35,0.225,0.1,0.05,0
114,0.75,0.25,1,0.875,0.675,0.325,0.25,0.225,0.175,0.05,0
115,0.75,0.25,1,0.65,0.45,0.325,0.2,0.125,0.075,0.05,0
116,0.75,0.25,1,0.8,0.45,0.325,0.275,0.225,0.2,0.075,0
117,0.75,0.25,1,0.775,0.35,0.325,0.2,0.15,0.1,0.075,0
118,0.75,0.25,1,0.6,0.55,0.325,0.275,0.175,0.125,0.075,0
119,0.75,0.25,1,0.775,0.675,0.375,0.325,0.2,0.1,0.05,0
120,0.75,0.25,1,0.8,0.425,0.35,0.25,0.125,0.075,0.025,0
121,0.75,0.25,1,0.625,0.425,0.35,0.3,0.15,0.1,0.025,0
122,0.75,0.25,1,0.875,0.7,0.65,0.225,0.2,0.125,0.075,0
123,0.75,0.25,1,0.625,0.525,0.35,0.2,0.175,0.125,0.075,0
124,0.75,0.25,1,0.875,0.825,0.45,0.4,0.35,0.225,0.175,0
125,0.75,0.25,1,0.775,0.7,0.575,0.225,0.15,0.1,0.05,0
126,0.75,0.25,1,0.825,0.425,0.375,0.25,0.2,0.15,0.05,0
127,0.75,0.25,1,0.825,0.675,0.6,0.25,0.15,0.1,0.05,0
128,0.75,0.25,1,0.825,0.425,0.375,0.25,0.175,0.125,0.075,0
129,0.75,0.25,1,0.9,0.7,0.35,0.225,0.125,0.075,0.05,0
130,0.75,0.25,1,0.9,0.75,0.325,0.175,0.125,0.075,0.05,0
131,0.75,0.25,1,0.775,0.45,0.4,0.325,0.275,0.15,0.05,0
132,0.75,0.25,1,0.9,0.675,0.325,0.225,0.175,0.15,0.05,0
133,0.75,0.25,1,0.95,0.75,0.325,0.275,0.25,0.125,0.05,0
134,0.75,0.25,1,0.775,0.375,0.325,0.2,0.15,0.1,0.075,0
135,0.75,0.25,1,0.925,0.55,0.325,0.275,0.225,0.1,0.075,0
136,0.75,0.25,1,0.825,0.725,0.25,0.2,0.125,0.1,0.05,0
137,0.75,0.25,1,0.8,0.75,0.425,0.325,0.175,0.125,0.075,0
138,0.75,0.25,1,0.625,0.425,0.375,0.225,0.2,0.15,0.1,0
139,0.75,0.25,1,0.65,0.625,0.55,0.325,0.175,0.125,0.05,0
140,0.75,0.25,1,0.6,0.525,0.4,0.2,0.125,0.075,0.025,0
141,0.75,0.25,1,0.775,0.65,0.575,0.525,0.175,0.15,0.1,0
142,0.75,0.25,1,0.775,0.425,0.3,0.25,0.15,0.1,0.025,0
143,0.75,0.25,1,0.925,0.525,0.35,0.325,0.275,0.125,0.075,0
144,0.75,0.25,1,0.9,0.675,0.625,0.25,0.175,0.125,0.1,0
145,0.75,0.25,1,0.825,0.7,0.575,0.225,0.2,0.15,0.1,0
146,0.75,0.25,1,0.8,0.45,0.4,0.35,0.3,0.225,0.075,0
147,0.75,0.25,1,0.85,0.8,0.675,0.25,0.175,0.1,0.05,0
148,0.75,0.25,1,0.925,0.85,0.625,0.275,0.225,0.175,0.125,0
149,0.75,0.25,1,0.95,0.775,0.725,0.325,0.2,0.125,0.075,0
150,0.75,0.25,1,0.8,0.7,0.675,0.3,0.175,0.125,0.075,0
151,0.75,0.25,1,0.6,0.5,0.25,0.2,0.175,0.1,0.05,0
152,0.75,0.25,1,0.9,0.725,0.35,0.225,0.175,0.15,0.1,0
153,0.75,0.25,1,0.775,0.7,0.35,0.3,0.175,0.1,0.05,0
154,0.75,0.25,1,0.825,0.7,0.275,0.2,0.175,0.125,0.05,0
155,0.75,0.25,1,0.925,0.7,0.575,0.45,0.425,0.1,0.05,0
156,0.75,0.25,1,0.875,0.675,0.3,0.2,0.15,0.075,0.025,0
157,0.75,0.25,1,0.625,0.425,0.35,0.2,0.175,0.1,0.05,0
158,0.75,0.25,1,0.65,0.4,0.275,0.225,0.2,0.15,0.05,0
159,0.75,0.25,1,0.925,0.525,0.475,0.425,0.225,0.1,0.075,0
160,0.75,0.25,1,0.8,0.75,0.65,0.275,0.125,0.075,0.05,0
161,0.75,0.25,1,0.9,0.7,0.325,0.25,0.175,0.125,0.05,0
162,0.75,0.25,1,0.925,0.7,0.35,0.275,0.125,0.1,0.05,0
163,0.75,0.25,1,0.95,0.875,0.5,0.225,0.15,0.1,0.05,0
164,0.75,0.25,1,0.875,0.825,0.6,0.55,0.225,0.175,0.05,0
165,0.75,0.25,1,0.95,0.775,0.35,0.3,0.175,0.125,0.05,0
166,0.75,0.25,1,0.625,0.55,0.275,0.225,0.175,0.1,0.05,0
167,0.75,0.25,1,0.925,0.7,0.325,0.2,0.175,0.1,0.05,0
168,0.75,0.25,1,0.825,0.75,0.375,0.225,0.175,0.125,0.05,0
169,0.75,0.25,1,0.6,0.375,0.325,0.275,0.15,0.125,0.075,0
170,0.75,0.25,1,0.6,0.4,0.25,0.2,0.175,0.1,0.05,0
171,0.75,0.25,1,0.8,0.725,0.675,0.3,0.225,0.1,0.05,0
172,0.75,0.25,1,0.95,0.725,0.6,0.525,0.2,0.15,0.05,0
173,0.75,0.25,1,0.925,0.7,0.325,0.275,0.15,0.075,0.025,0
174,0.75,0.25,1,0.925,0.75,0.65,0.2,0.175,0.125,0.075,0
175,0.75,0.25,1,0.85,0.425,0.325,0.2,0.125,0.1,0.05,0
176,0.75,0.25,1,0.6,0.525,0.325,0.275,0.15,0.125,0.075,0
177,0.75,0.25,1,0.825,0.775,0.35,0.3,0.175,0.075,0.025,0
178,0.75,0.25,1,0.9,0.65,0.35,0.25,0.125,0.1,0.05,0
179,0.75,0.25,1,0.825,0.775,0.7,0.35,0.3,0.175,0.05,0
180,0.75,0.25,1,0.6,0.55,0.35,0.2,0.15,0.1,0.075,0
181,0.75,0.25,1,0.8,0.775,0.4,0.35,0.175,0.125,0.05,0
182,0.75,0.25,1,0.8,0.425,0.3,0.225,0.175,0.125,0.075,0
183,0.75,0.25,1,0.8,0.425,0.3,0.25,0.2,0.175,0.05,0
184,0.75,0.25,1,0.825,0.375,0.35,0.3,0.175,0.125,0.075,0
185,0.75,0.25,1,0.6,0.45,0.425,0.35,0.3,0.15,0.05,0
186,0.75,0.25,1,0.775,0.375,0.325,0.275,0.15,0.125,0.075,0
187,0.75,0.25,1,0.9,0.7,0.65,0.6,0.25,0.2,0.05,0
188,0.75,0.25,1,0.825,0.425,0.4,0.35,0.225,0.15,0.1,0
189,0.75,0.25,1,0.775,0.7,0.65,0.525,0.175,0.125,0.05,0
190,0.75,0.25,1,0.8,0.75,0.7,0.65,0.225,0.1,0.025,0
191,0.75,0.25,1,0.975,0.9,0.775,0.6,0.2,0.1,0.05,0
192,0.75,0.25,1,0.95,0.7,0.375,0.225,0.175,0.125,0.075,0
193,0.75,0.25,1,0.85,0.425,0.3,0.2,0.125,0.075,0.05,0
194,0.75,0.25,1,0.825,0.725,0.375,0.275,0.15,0.1,0.05,0
195,0.75,0.25,1,0.6,0.35,0.225,0.2,0.175,0.1,0.05,0
196,0.75,0.25,1,0.85,0.425,0.35,0.3,0.15,0.125,0.05,0
197,0.75,0.25,1,0.925,0.55,0.475,0.425,0.25,0.225,0.05,0
198,0.75,0.25,1,0.775,0.425,0.3,0.25,0.175,0.125,0.075,0
199,0.75,0.25,1,0.85,0.725,0.65,0.55,0.125,0.1,0.05,0
200,0.75,0.25,1,0.925,0.725,0.625,0.225,0.175,0.15,0.05,0
201,0.75,0.25,1,0.9,0.7,0.6,0.55,0.15,0.1,0.075,0
202,0.75,0.25,1,0.95,0.9,0.8,0.75,0.325,0.1,0.075,0
203,0.75,0.25,1,0.875,0.85,0.35,0.3,0.175,0.125,0.075,0
204,0.75,0.25,1,0.675,0.45,0.3,0.225,0.175,0.125,0.075,0
205,0.75,0.25,1,0.7,0.425,0.3,0.25,0.2,0.1,0.05,0
206,0.75,0.25,1,0.875,0.8,0.6,0.275,0.125,0.1,0.05,0
207,0.75,0.25,1,0.925,0.725,0.6,0.325,0.175,0.1,0.05,0
208,0.75,0.25,1,0.85,0.45,0.275,0.225,0.2,0.15,0.1,0
209,0.75,0.25,1,0.925,0.85,0.475,0.45,0.175,0.1,0.05,0
210,0.75,0.25,1,0.6,0.375,0.35,0.225,0.15,0.1,0.05,0
211,0.75,0.25,1,0.925,0.675,0.3,0.25,0.2,0.075,0.05,0
212,0.75,0.25,1,0.875,0.7,0.25,0.2,0.15,0.075,0.025,0
213,0.75,0.25,1,0.8,0.75,0.325,0.275,0.25,0.2,0.075,0
214,0.75,0.25,1,0.775,0.35,0.325,0.2,0.175,0.1,0.05,0
215,0.75,0.25,1,0.825,0.8,0.75,0.35,0.175,0.125,0.075,0
216,0.75,0.25,1,0.8,0.4,0.275,0.25,0.175,0.125,0.05,0
217,0.75,0.25,1,0.925,0.75,0.625,0.3,0.125,0.1,0.05,0
218,0.75,0.25,1,0.95,0.75,0.375,0.3,0.15,0.1,0.05,0
219,0.75,0.25,1,0.95,0.75,0.4,0.35,0.275,0.15,0.025,0
220,0.75,0.25,1,0.825,0.725,0.325,0.275,0.15,0.1,0.025,0
221,0.75,0.25,1,0.8,0.7,0.65,0.575,0.15,0.075,0.05,0
222,0.75,0.25,1,0.825,0.75,0.375,0.325,0.175,0.125,0.075,0
223,0.75,0.25,1,0.95,0.75,0.675,0.65,0.525,0.175,0.05,0
224,0.75,0.25,1,0.8,0.75,0.35,0.3,0.175,0.15,0.075,0
225,0.75,0.25,1,0.775,0.35,0.225,0.2,0.15,0.1,0.075,0
226,0.75,0.25,1,0.85,0.45,0.35,0.25,0.2,0.175,0.05,0
227,0.75,0.25,1,0.775,0.375,0.325,0.25,0.125,0.075,0.05,0
228,0.75,0.25,1,0.6,0.425,0.4,0.275,0.175,0.125,0.075,0
229,0.75,0.25,1,0.6,0.575,0.4,0.3,0.25,0.125,0.05,0
230,0.75,0.25,1,0.775,0.725,0.6,0.55,0.2,0.1,0.075,0
231,0.75,0.25,1,0.825,0.75,0.3,0.25,0.2,0.125,0.075,0
232,0.75,0.25,1,0.95,0.825,0.775,0.4,0.175,0.075,0.05,0
233,0.75,0.25,1,0.95,0.825,0.625,0.575,0.525,0.2,0.15,0
234,0.75,0.25,1,0.95,0.775,0.35,0.3,0.175,0.125,0.05,0
235,0.75,0.25,1,0.825,0.725,0.7,0.3,0.225,0.1,0.05,0
236,0.75,0.25,1,0.8,0.7,0.675,0.625,0.3,0.175,0.125,0
237,0.75,0.25,1,0.65,0.55,0.475,0.25,0.2,0.075,0.05,0
238,0.75,0.25,1,0.775,0.75,0.675,0.55,0.25,0.2,0.15,0
239,0.75,0.25,1,0.775,0.35,0.3,0.225,0.2,0.175,0.05,0
240,0.75,0.25,1,0.625,0.55,0.4,0.325,0.125,0.075,0.025,0
241,0.75,0.25,1,0.8,0.75,0.7,0.675,0.275,0.15,0.1,0
242,0.75,0.25,1,0.85,0.725,0.65,0.225,0.175,0.1,0.05,0
243,0.75,0.25,1,0.8,0.375,0.325,0.275,0.15,0.125,0.05,0
244,0.75,0.25,1,0.775,0.65,0.55,0.45,0.2,0.1,0.05,0
245,0.75,0.25,1,0.775,0.375,0.35,0.225,0.175,0.1,0.05,0
246,0.75,0.25,1,0.95,0.6,0.525,0.35,0.3,0.125,0.05,0
247,0.75,0.25,1,0.85,0.45,0.425,0.375,0.25,0.125,0.075,0
248,0.75,0.25,1,0.625,0.55,0.3,0.225,0.2,0.15,0.1,0
249,0.75,0.25,1,0.9,0.525,0.275,0.225,0.175,0.125,0.05,0
250,0.75,0.25,1,0.8,0.725,0.675,0.55,0.2,0.15,0.05,0
251,0.75,0.25,1,0.925,0.725,0.35,0.3,0.225,0.075,0.025,0
252,0.75,0.25,1,0.6,0.525,0.375,0.325,0.15,0.125,0.075,0
253,0.75,0.25,1,0.825,0.425,0.3,0.225,0.175,0.125,0.075,0
254,0.75,0.25,1,0.925,0.725,0.225,0.2,0.175,0.1,0.05,0
255,0.75,0.25,1,0.925,0.75,0.45,0.275,0.225,0.075,0.05,0
256,0.75,0.25,1,0.6,0.55,0.35,0.2,0.175,0.1,0.05,0
257,0.75,0.25,1,0.775,0.725,0.625,0.25,0.15,0.125,0.05,0
258,0.75,0.25,1,0.575,0.55,0.375,0.325,0.275,0.2,0.05,0
259,0.75,0.25,1,0.6,0.375,0.275,0.2,0.175,0.125,0.05,0
260,0.75,0.25,1,0.85,0.45,0.4,0.375,0.25,0.2,0.075,0
261,0.75,0.25,1,0.775,0.375,0.325,0.3,0.175,0.1,0.05,0
262,0.75,0.25,1,0.625,0.475,0.3,0.25,0.15,0.075,0.05,0
263,0.75,0.25,1,0.775,0.7,0.3,0.275,0.225,0.15,0.1,0
264,0.75,0.25,1,0.6,0.4,0.375,0.325,0.275,0.2,0.05,0
265,0.75,0.25,1,0.6,0.425,0.3,0.225,0.175,0.075,0.025,0
266,0.75,0.25,1,0.8,0.4,0.375,0.25,0.175,0.125,0.05,0
267,0.75,0.25,1,0.85,0.8,0.4,0.3,0.175,0.1,0.05,0
268,0.75,0.25,1,0.85,0.4,0.325,0.2,0.125,0.1,0.05,0
269,0.75,0.25,1,0.8,0.4,0.325,0.275,0.225,0.075,0.025,0
270,0.75,0.25,1,0.875,0.45,0.3,0.2,0.125,0.075,0.025,0
271,0.75,0.25,1,0.925,0.7,0.325,0.2,0.15,0.125,0.075,0
272,0.75,0.25,1,0.825,0.775,0.725,0.35,0.3,0.25,0.125,0
273,0.75,0.25,1,0.6,0.4,0.275,0.2,0.125,0.075,0.05,0
274,0.75,0.25,1,0.875,0.775,0.525,0.15,0.125,0.075,0.05,0
275,0.75,0.25,1,0.6,0.4,0.35,0.3,0.175,0.1,0.05,0
276,0.75,0.25,1,0.775,0.725,0.35,0.3,0.175,0.125,0.075,0
277,0.75,0.25,1,0.625,0.45,0.375,0.35,0.175,0.1,0.05,0
278,0.75,0.25,1,0.8,0.675,0.25,0.2,0.175,0.1,0.05,0
279,0.75,0.25,1,0.625,0.45,0.325,0.275,0.175,0.075,0.05,0
280,0.75,0.25,1,0.925,0.825,0.425,0.175,0.125,0.1,0.05,0
281,0.75,0.25,1,0.8,0.675,0.3,0.25,0.175,0.125,0.05,0
282,0.75,0.25,1,0.95,0.825,0.725,0.7,0.6,0.175,0.125,0
283,0.75,0.25,1,0.925,0.825,0.6,0.325,0.3,0.1,0.05,0
284,0.75,0.25,1,0.65,0.525,0.425,0.225,0.2,0.15,0.05,0
285,0.75,0.25,1,0.775,0.725,0.65,0.6,0.175,0.125,0.075,0
286,0.75,0.25,1,0.95,0.625,0.5,0.4,0.175,0.125,0.05,0
287,0.75,0.25,1,0.8,0.75,0.7,0.325,0.2,0.125,0.075,0
288,0.75,0.25,1,0.625,0.475,0.4,0.275,0.225,0.175,0.05,0
289,0.75,0.25,1,0.85,0.4,0.375,0.25,0.2,0.15,0.1,0
290,0.75,0.25,1,0.825,0.7,0.25,0.175,0.15,0.1,0.05,0
291,0.75,0.25,1,0.85,0.725,0.6,0.2,0.15,0.1,0.05,0
292,0.75,0.25,1,0.675,0.45,0.375,0.325,0.225,0.175,0.05,0
293,0.75,0.25,1,0.85,0.8,0.75,0.625,0.15,0.075,0.05,0
294,0.75,0.25,1,0.65,0.575,0.525,0.3,0.2,0.075,0.05,0
295,0.75,0.25,1,0.9,0.55,0.35,0.275,0.125,0.1,0.05,0
296,0.75,0.25,1,0.6,0.375,0.325,0.2,0.175,0.125,0.05,0
297,0.75,0.25,1,0.825,0.725,0.65,0.625,0.25,0.1,0.05,0
298,0.75,0.25,1,0.8,0.725,0.35,0.225,0.175,0.1,0.05,0
299,0.75,0.25,1,0.825,0.75,0.375,0.225,0.125,0.1,0.05,0
300,0.75,0.25,1,0.625,0.45,0.4,0.325,0.15,0.075,0.05,0
301,0.75,0.25,1,0.8,0.375,0.35,0.3,0.25,0.125,0.075,0
302,0.75,0.25,1,0.8,0.4,0.325,0.3,0.175,0.1,0.05,0
303,0.75,0.25,1,0.9,0.675,0.6,0.55,0.425,0.1,0.05,0
304,0.75,0.25,1,0.95,0.525,0.325,0.2,0.175,0.125,0.05,0
305,0.75,0.25,1,0.625,0.55,0.3,0.2,0.15,0.1,0.025,0
306,0.75,0.25,1,0.95,0.825,0.775,0.375,0.225,0.1,0.05,0
307,0.75,0.25,1,0.9,0.5,0.45,0.2,0.125,0.1,0.05,0
308,0.75,0.25,1,0.575,0.35,0.225,0.2,0.15,0.125,0.05,0
309,0.75,0.25,1,0.95,0.725,0.325,0.275,0.25,0.125,0.05,0
310,0.75,0.25,1,0.975,0.8,0.675,0.625,0.525,0.15,0.05,0
311,0.75,0.25,1,0.925,0.575,0.375,0.325,0.275,0.25,0.1,0
312,0.75,0.25,1,0.8,0.7,0.325,0.225,0.175,0.125,0.05,0
313,0.75,0.25,1,0.95,0.575,0.4,0.2,0.175,0.125,0.075,0
314,0.75,0.25,1,0.825,0.7,0.275,0.225,0.2,0.15,0.1,0
315,0.75,0.25,1,0.875,0.7,0.625,0.2,0.125,0.1,0.05,0
316,0.75,0.25,1,0.8,0.7,0.35,0.225,0.2,0.15,0.1,0
317,0.75,0.25,1,0.775,0.725,0.375,0.3,0.225,0.1,0.05,0
318,0.75,0.25,1,0.85,0.425,0.35,0.325,0.225,0.1,0.05,0
319,0.75,0.25,1,0.9,0.825,0.625,0.575,0.2,0.125,0.075,0
320,0.75,0.25,1,0.925,0.575,0.325,0.225,0.2,0.15,0.05,0
321,0.75,0.25,1,0.9,0.725,0.675,0.575,0.55,0.425,0.05,0
322,0.75,0.25,1,0.825,0.425,0.375,0.25,0.2,0.1,0.05,0
323,0.75,0.25,1,0.825,0.725,0.35,0.25,0.225,0.1,0.05,0
324,0.75,0.25,1,0.775,0.7,0.65,0.6,0.275,0.225,0.1,0
325,0.75,0.25,1,0.95,0.625,0.5,0.25,0.175,0.125,0.075,0
326,0.75,0.25,1,0.6,0.375,0.325,0.3,0.25,0.125,0.075,0
327,0.75,0.25,1,0.8,0.7,0.325,0.2,0.125,0.1,0.05,0
328,0.75,0.25,1,0.875,0.775,0.75,0.35,0.3,0.175,0.05,0
329,0.75,0.25,1,0.65,0.425,0.35,0.225,0.2,0.1,0.05,0
330,0.75,0.25,1,0.8,0.725,0.6,0.55,0.175,0.075,0.025,0
331,0.75,0.25,1,0.6,0.55,0.425,0.225,0.175,0.125,0.075,0
332,0.75,0.25,1,0.95,0.55,0.4,0.2,0.125,0.075,0.025,0
333,0.75,0.25,1,0.85,0.475,0.35,0.3,0.2,0.15,0.1,0
334,0.75,0.25,1,0.6,0.45,0.4,0.35,0.25,0.075,0.05,0
335,0.75,0.25,1,0.8,0.7,0.55,0.525,0.475,0.15,0.05,0
336,0.75,0.25,1,0.925,0.75,0.7,0.65,0.25,0.15,0.025,0
337,0.75,0.25,1,0.775,0.725,0.3,0.275,0.15,0.125,0.075,0
338,0.75,0.25,1,0.775,0.675,0.35,0.325,0.175,0.125,0.05,0
339,0.75,0.25,1,0.625,0.475,0.425,0.275,0.15,0.125,0.075,0
340,0.75,0.25,1,0.85,0.775,0.4,0.35,0.2,0.15,0.1,0
341,0.75,0.25,1,0.625,0.5,0.25,0.2,0.15,0.075,0.05,0
342,0.75,0.25,1,0.825,0.375,0.25,0.2,0.175,0.125,0.075,0
343,0.75,0.25,1,0.9,0.5,0.25,0.2,0.15,0.125,0.05,0
344,0.75,0.25,1,0.6,0.475,0.325,0.275,0.15,0.1,0.025,0
345,0.75,0.25,1,0.925,0.525,0.5,0.375,0.175,0.1,0.05,0
346,0.75,0.25,1,0.95,0.9,0.775,0.525,0.2,0.1,0.05,0
347,0.75,0.25,1,0.8,0.4,0.275,0.2,0.15,0.125,0.075,0
348,0.75,0.25,1,0.6,0.4,0.35,0.3,0.175,0.1,0.05,0
349,0.75,0.25,1,0.875,0.825,0.425,0.3,0.15,0.1,0.05,0
350,0.75,0.25,1,0.925,0.475,0.275,0.2,0.15,0.125,0.05,0
351,0.75,0.25,1,0.8,0.75,0.65,0.25,0.2,0.075,0.025,0
352,0.75,0.25,1,0.95,0.775,0.725,0.65,0.275,0.15,0.05,0
353,0.75,0.25,1,0.8,0.4,0.375,0.275,0.15,0.1,0.05,0
354,0.75,0.25,1,0.8,0.425,0.375,0.325,0.25,0.125,0.05,0
355,0.75,0.25,1,0.925,0.825,0.575,0.475,0.125,0.075,0.05,0
356,0.75,0.25,1,0.825,0.725,0.6,0.25,0.125,0.1,0.05,0
357,0.75,0.25,1,0.875,0.775,0.35,0.275,0.225,0.175,0.125,0
358,0.75,0.25,1,0.925,0.8,0.6,0.2,0.15,0.125,0.075,0
359,0.75,0.25,1,0.8,0.675,0.6,0.575,0.175,0.125,0.05,0
360,0.75,0.25,1,0.6,0.35,0.325,0.2,0.125,0.075,0.05,0
361,0.75,0.25,1,0.775,0.425,0.325,0.2,0.175,0.125,0.05,0
362,0.75,0.25,1,0.775,0.4,0.325,0.25,0.2,0.175,0.125,0
363,0.75,0.25,1,0.825,0.375,0.25,0.2,0.125,0.075,0.05,0
364,0.75,0.25,1,0.825,0.7,0.275,0.2,0.15,0.1,0.025,0
365,0.75,0.25,1,0.975,0.85,0.35,0.3,0.25,0.175,0.05,0
366,0.75,0.25,1,0.9,0.7,0.3,0.225,0.125,0.1,0.05,0
367,0.75,0.25,1,0.85,0.4,0.35,0.225,0.2,0.15,0.1,0
368,0.75,0.25,1,0.95,0.9,0.725,0.325,0.175,0.15,0.1,0
369,0.75,0.25,1,0.65,0.4,0.275,0.2,0.175,0.1,0.05,0
370,0.75,0.25,1,0.9,0.475,0.275,0.2,0.175,0.125,0.05,0
371,0.75,0.25,1,0.9,0.525,0.325,0.275,0.225,0.175,0.05,0
372,0.75,0.25,1,0.675,0.55,0.45,0.2,0.175,0.125,0.05,0
373,0.75,0.25,1,0.6,0.425,0.375,0.35,0.275,0.1,0.05,0
374,0.75,0.25,1,0.85,0.775,0.4,0.35,0.3,0.225,0.075,0
375,0.75,0.25,1,0.925,0.525,0.425,0.2,0.15,0.125,0.075,0
376,0.75,0.25,1,0.925,0.775,0.65,0.6,0.175,0.075,0.025,0
377,0.75,0.25,1,0.775,0.375,0.25,0.225,0.175,0.125,0.075,0
378,0.75,0.25,1,0.825,0.425,0.3,0.225,0.175,0.125,0.05,0
379,0.75,0.25,1,0.6,0.475,0.45,0.4,0.35,0.3,0.075,0
380,0.75,0.25,1,0.775,0.375,0.25,0.175,0.125,0.075,0.025,0
381,0.75,0.25,1,0.875,0.675,0.6,0.25,0.2,0.1,0.05,0
382,0.75,0.25,1,0.775,0.425,0.325,0.2,0.175,0.1,0.05,0
383,0.75,0.25,1,0.65,0.475,0.35,0.3,0.2,0.15,0.075,0
384,0.75,0.25,1,0.875,0.65,0.225,0.2,0.125,0.075,0.05,0
385,0.75,0.25,1,0.95,0.85,0.65,0.25,0.2,0.15,0.05,0
386,0.75,0.25,1,0.6,0.525,0.325,0.25,0.225,0.1,0.05,0
387,0.75,0.25,1,0.8,0.75,0.65,0.6,0.525,0.175,0.125,0
388,0.75,0.25,1,0.875,0.825,0.45,0.2,0.175,0.1,0.05,0
389,0.75,0.25,1,0.95,0.75,0.35,0.275,0.25,0.125,0.075,0
390,0.75,0.25,1,0.925,0.75,0.35,0.2,0.175,0.1,0.05,0
391,0.75,0.25,1,0.65,0.475,0.425,0.4,0.3,0.25,0.075,0
392,0.75,0.25,1,0.8,0.675,0.625,0.3,0.25,0.1,0.05,0
393,0.75,0.25,1,0.925,0.75,0.6,0.225,0.175,0.15,0.05,0
394,0.75,0.25,1,0.85,0.425,0.375,0.35,0.25,0.125,0.05,0
395,0.75,0.25,1,0.8,0.375,0.325,0.2,0.175,0.125,0.075,0
396,0.75,0.25,1,0.875,0.65,0.25,0.2,0.175,0.125,0.075,0
397,0.75,0.25,1,0.825,0.7,0.65,0.625,0.25,0.2,0.125,0
398,0.75,0.25,1,0.925,0.725,0.375,0.275,0.225,0.2,0.05,0
399,0.75,0.25,1,0.9,0.65,0.325,0.2,0.175,0.1,0.05,0
400,0.75,0.25,1,0.825,0.775,0.375,0.325,0.2,0.15,0.1,0
401,0.75,0.25,1,0.825,0.4,0.35,0.325,0.25,0.2,0.075,0
402,0.75,0.25,1,0.8,0.725,0.6,0.225,0.2,0.15,0.05,0
403,0.75,0.25,1,0.825,0.775,0.65,0.575,0.525,0.175,0.05,0
404,0.75,0.25,1,0.8,0.675,0.3,0.225,0.175,0.1,0.05,0
405,0.75,0.25,1,0.65,0.425,0.325,0.25,0.2,0.1,0.05,0
406,0.75,0.25,1,0.8,0.7,0.35,0.225,0.2,0.15,0.1,0
407,0.75,0.25,1,0.775,0.65,0.325,0.275,0.225,0.1,0.05,0
408,0.75,0.25,1,0.7,0.55,0.375,0.25,0.2,0.15,0.125,0
409,0.75,0.25,1,0.775,0.375,0.325,0.3,0.15,0.075,0.05,0
410,0.75,0.25,1,0.925,0.75,0.7,0.625,0.475,0.1,0.05,0
411,0.75,0.25,1,0.825,0.7,0.65,0.6,0.525,0.175,0.05,0
412,0.75,0.25,1,0.975,0.775,0.725,0.675,0.325,0.175,0.125,0
413,0.75,0.25,1,0.925,0.875,0.675,0.575,0.2,0.075,0.05,0
414,0.75,0.25,1,0.8,0.475,0.35,0.3,0.2,0.15,0.075,0
415,0.75,0.25,1,0.925,0.825,0.475,0.3,0.125,0.1,0.05,0
416,0.75,0.25,1,0.775,0.725,0.325,0.2,0.15,0.1,0.025,0
417,0.75,0.25,1,0.775,0.65,0.6,0.5,0.15,0.1,0.05,0
418,0.75,0.25,1,0.775,0.65,0.575,0.55,0.225,0.175,0.125,0
419,0.75,0.25,1,0.825,0.425,0.325,0.2,0.15,0.075,0.05,0
420,0.75,0.25,1,0.9,0.7,0.625,0.575,0.525,0.425,0.05,0
421,0.75,0.25,1,0.8,0.675,0.225,0.2,0.175,0.125,0.075,0
422,0.75,0.25,1,0.6,0.55,0.325,0.2,0.15,0.125,0.075,0
423,0.75,0.25,1,0.925,0.85,0.825,0.6,0.45,0.1,0.05,0
424,0.75,0.25,1,0.6,0.425,0.35,0.2,0.15,0.075,0.025,0
425,0.75,0.25,1,0.925,0.9,0.8,0.6,0.275,0.1,0.05,0
426,0.75,0.25,1,0.625,0.575,0.375,0.2,0.125,0.075,0.025,0
427,0.75,0.25,1,0.825,0.75,0.35,0.3,0.25,0.125,0.1,0
428,0.75,0.25,1,0.8,0.425,0.325,0.275,0.25,0.125,0.05,0
429,0.75,0.25,1,0.625,0.55,0.425,0.2,0.175,0.1,0.05,0
430,0.75,0.25,1,0.775,0.725,0.675,0.35,0.25,0.125,0.075,0
431,0.75,0.25,1,0.675,0.475,0.3,0.25,0.2,0.15,0.075,0
432,0.75,0.25,1,0.625,0.575,0.35,0.3,0.15,0.1,0.075,0
433,0.75,0.25,1,0.575,0.35,0.325,0.3,0.175,0.125,0.05,0
434,0.75,0.25,1,0.8,0.7,0.65,0.3,0.25,0.175,0.125,0
435,0.75,0.25,1,0.625,0.45,0.375,0.25,0.175,0.1,0.05,0
436,0.75,0.25,1,0.95,0.825,0.625,0.55,0.225,0.1,0.05,0
437,0.75,0.25,1,0.625,0.425,0.375,0.3,0.275,0.2,0.05,0
438,0.75,0.25,1,0.9,0.825,0.6,0.25,0.2,0.125,0.05,0
439,0.75,0.25,1,0.775,0.7,0.6,0.475,0.125,0.075,0.05,0
440,0.75,0.25,1,0.8,0.675,0.625,0.225,0.175,0.125,0.075,0
441,0.75,0.25,1,0.775,0.7,0.65,0.25,0.225,0.125,0.05,0
442,0.75,0.25,1,0.95,0.825,0.45,0.225,0.15,0.1,0.05,0
443,0.75,0.25,1,0.825,0.7,0.6,0.325,0.275,0.1,0.05,0
444,0.75,0.25,1,0.95,0.9,0.775,0.425,0.2,0.1,0.05,0
445,0.75,0.25,1,0.8,0.675,0.575,0.275,0.125,0.1,0.05,0
446,0.75,0.25,1,0.825,0.425,0.325,0.25,0.2,0.075,0.05,0
447,0.75,0.25,1,0.775,0.375,0.3,0.175,0.125,0.075,0.05,0
448,0.75,0.25,1,0.95,0.85,0.575,0.275,0.225,0.075,0.05,0
449,0.75,0.25,1,0.825,0.425,0.375,0.3,0.225,0.175,0.05,0
450,0.75,0.25,1,0.8,0.725,0.325,0.25,0.125,0.075,0.05,0
451,0.75,0.25,1,0.825,0.725,0.325,0.275,0.2,0.175,0.05,0
452,0.75,0.25,1,0.825,0.775,0.4,0.275,0.15,0.1,0.075,0
453,0.75,0.25,1,0.9,0.85,0.6,0.55,0.225,0.125,0.075,0
454,0.75,0.25,1,0.825,0.725,0.35,0.225,0.175,0.15,0.05,0
455,0.75,0.25,1,0.9,0.775,0.375,0.325,0.125,0.075,0.025,0
456,0.75,0.25,1,0.95,0.85,0.65,0.275,0.2,0.15,0.1,0
457,0.75,0.25,1,0.925,0.9,0.525,0.275,0.175,0.125,0.05,0
458,0.75,0.25,1,0.775,0.375,0.35,0.3,0.175,0.125,0.075,0
459,0.75,0.25,1,0.6,0.425,0.3,0.275,0.175,0.125,0.075,0
460,0.75,0.25,1,0.85,0.775,0.375,0.25,0.225,0.175,0.125,0
461,0.75,0.25,1,0.8,0.375,0.325,0.3,0.175,0.1,0.05,0
462,0.75,0.25,1,0.95,0.725,0.4,0.275,0.2,0.1,0.05,0
463,0.75,0.25,1,0.95,0.75,0.675,0.65,0.3,0.15,0.1,0
464,0.75,0.25,1,0.925,0.7,0.625,0.225,0.125,0.1,0.05,0
465,0.75,0.25,1,0.8,0.375,0.35,0.225,0.175,0.125,0.05,0
466,0.75,0.25,1,0.8,0.425,0.3,0.25,0.175,0.1,0.05,0
467,0.75,0.25,1,0.575,0.4,0.325,0.275,0.15,0.125,0.05,0
468,0.75,0.25,1,0.775,0.425,0.375,0.3,0.175,0.125,0.1,0
469,0.75,0.25,1,0.925,0.55,0.35,0.3,0.225,0.075,0.025,0
470,0.75,0.25,1,0.925,0.7,0.65,0.55,0.225,0.175,0.025,0
471,0.75,0.25,1,0.95,0.75,0.375,0.3,0.225,0.1,0.05,0
472,0.75,0.25,1,0.95,0.875,0.5,0.3,0.275,0.2,0.05,0
473,0.75,0.25,1,0.95,0.75,0.35,0.2,0.15,0.125,0.075,0
474,0.75,0.25,1,0.95,0.9,0.725,0.625,0.2,0.15,0.05,0
475,0.75,0.25,1,0.8,0.375,0.25,0.2,0.15,0.1,0.075,0
476,0.75,0.25,1,0.95,0.775,0.425,0.325,0.25,0.125,0.075,0
477,0.75,0.25,1,0.6,0.55,0.425,0.225,0.175,0.125,0.075,0
478,0.75,0.25,1,0.8,0.7,0.375,0.325,0.2,0.15,0.05,0
479,0.75,0.25,1,0.925,0.725,0.625,0.275,0.25,0.1,0.05,0
480,0.75,0.25,1,0.8,0.4,0.35,0.275,0.25,0.175,0.05,0
481,0.75,0.25,1,0.8,0.4,0.275,0.2,0.15,0.1,0.075,0
482,0.75,0.25,1,0.925,0.725,0.65,0.625,0.2,0.15,0.05,0
483,0.75,0.25,1,0.8,0.75,0.4,0.275,0.2,0.15,0.05,0
484,0.75,0.25,1,0.8,0.45,0.425,0.325,0.2,0.1,0.05,0
485,0.75,0.25,1,0.8,0.75,0.675,0.55,0.525,0.175,0.05,0
486,0.75,0.25,1,0.85,0.725,0.375,0.35,0.225,0.1,0.05,0
487,0.75,0.25,1,0.6,0.575,0.375,0.325,0.275,0.15,0.1,0
488,0.75,0.25,1,0.85,0.775,0.375,0.25,0.225,0.175,0.125,0
489,0.75,0.25,1,0.65,0.575,0.375,0.35,0.3,0.125,0.075,0
490,0.75,0.25,1,0.825,0.775,0.7,0.575,0.45,0.425,0.05,0
491,0.75,0.25,1,0.9,0.7,0.25,0.225,0.175,0.125,0.075,0
492,0.75,0.25,1,0.775,0.7,0.6,0.55,0.45,0.1,0.05,0
493,0.75,0.25,1,0.9,0.725,0.3,0.2,0.175,0.125,0.05,0
494,0.75,0.25,1,0.625,0.575,0.35,0.3,0.15,0.125,0.075,0
495,0.75,0.25,1,0.95,0.575,0.375,0.35,0.3,0.25,0.075,0
496,0.75,0.25,1,0.95,0.75,0.425,0.35,0.275,0.175,0.125,0
497,0.75,0.25,1,0.825,0.375,0.25,0.2,0.15,0.125,0.075,0
498,0.75,0.25,1,0.8,0.775,0.7,0.35,0.3,0.175,0.05,0
499,0.75,0.25,1,0.8,0.425,0.325,0.3,0.175,0.125,0.075,0
500,0.75,0.25,1,0.6,0.55,0.325,0.3,0.25,0.15,0.025,0
1,0.75,0.5,1,0.95,0.775,0.475,0.325,0.225,0.175,0.1,0
2,0.75,0.5,1,0.9,0.75,0.65,0.6,0.5,0.125,0.05,0
3,0.75,0.5,1,0.95,0.775,0.7,0.325,0.275,0.225,0.15,0
4,0.75,0.5,1,0.85,0.75,0.675,0.65,0.6,0.15,0.05,0
5,0.75,0.5,1,0.625,0.425,0.375,0.25,0.15,0.1,0.025,0
6,0.75,0.5,1,0.75,0.6,0.45,0.325,0.15,0.1,0.05,0
7,0.75,0.5,1,0.9,0.525,0.475,0.25,0.175,0.125,0.05,0
8,0.75,0.5,1,0.925,0.575,0.425,0.225,0.125,0.1,0.05,0
9,0.75,0.5,1,0.8,0.725,0.65,0.275,0.125,0.1,0.05,0
10,0.75,0.5,1,0.825,0.775,0.7,0.375,0.2,0.1,0.05,0
11,0.75,0.5,1,0.85,0.8,0.75,0.4,0.3,0.1,0.05,0
12,0.75,0.5,1,0.875,0.5,0.425,0.275,0.125,0.075,0.025,0
13,0.75,0.5,1,0.925,0.725,0.325,0.225,0.175,0.125,0.05,0
14,0.75,0.5,1,0.7,0.475,0.425,0.3,0.175,0.125,0.05,0
15,0.75,0.5,1,0.675,0.55,0.525,0.4,0.2,0.15,0.1,0
16,0.75,0.5,1,0.825,0.725,0.675,0.4,0.35,0.3,0.175,0
17,0.75,0.5,1,0.95,0.9,0.75,0.325,0.2,0.1,0.05,0
18,0.75,0.5,1,0.8,0.425,0.35,0.25,0.225,0.1,0.05,0
19,0.75,0.5,1,0.9,0.85,0.75,0.575,0.25,0.225,0.05,0
20,0.75,0.5,1,0.875,0.775,0.525,0.4,0.35,0.3,0.25,0
21,0.75,0.5,1,0.825,0.75,0.4,0.35,0.2,0.175,0.125,0
22,0.75,0.5,1,0.65,0.475,0.325,0.225,0.15,0.1,0.05,0
23,0.75,0.5,1,0.9,0.775,0.725,0.3,0.25,0.2,0.05,0
24,0.75,0.5,1,0.625,0.525,0.475,0.425,0.25,0.225,0.175,0
25,0.75,0.5,1,0.875,0.8,0.35,0.25,0.225,0.1,0.05,0
26,0.75,0.5,1,0.65,0.45,0.325,0.275,0.25,0.1,0.05,0
27,0.75,0.5,1,0.625,0.45,0.325,0.225,0.175,0.15,0.1,0
28,0.75,0.5,1,0.85,0.775,0.7,0.3,0.2,0.15,0.05,0
29,0.75,0.5,1,0.85,0.475,0.4,0.35,0.275,0.15,0.05,0
30,0.75,0.5,1,0.875,0.825,0.775,0.65,0.325,0.2,0.15,0
31,0.75,0.5,1,0.95,0.625,0.45,0.25,0.15,0.1,0.05,0
32,0.75,0.5,1,0.95,0.8,0.75,0.4,0.275,0.225,0.125,0
33,0.75,0.5,1,0.95,0.85,0.55,0.525,0.45,0.25,0.05,0
34,0.75,0.5,1,0.7,0.525,0.475,0.425,0.325,0.125,0.05,0
35,0.75,0.5,1,0.675,0.55,0.475,0.4,0.325,0.275,0.05,0
36,0.75,0.5,1,0.975,0.8,0.75,0.675,0.625,0.225,0.05,0
37,0.75,0.5,1,0.65,0.475,0.375,0.2,0.125,0.075,0.05,0
38,0.75,0.5,1,0.8,0.55,0.425,0.375,0.275,0.1,0.05,0
39,0.75,0.5,1,0.875,0.825,0.45,0.275,0.2,0.15,0.1,0
40,0.75,0.5,1,0.9,0.825,0.775,0.5,0.225,0.2,0.05,0
41,0.75,0.5,1,0.825,0.775,0.425,0.3,0.175,0.125,0.075,0
42,0.75,0.5,1,0.625,0.55,0.45,0.275,0.225,0.15,0.1,0
43,0.75,0.5,1,0.825,0.775,0.35,0.225,0.15,0.125,0.05,0
44,0.75,0.5,1,0.85,0.525,0.425,0.375,0.2,0.15,0.025,0
45,0.75,0.5,1,0.9,0.575,0.45,0.4,0.35,0.1,0.075,0
46,0.75,0.5,1,0.95,0.825,0.425,0.375,0.325,0.2,0.175,0
47,0.75,0.5,1,0.8,0.475,0.375,0.275,0.125,0.075,0.025,0
48,0.75,0.5,1,0.85,0.75,0.725,0.375,0.25,0.2,0.15,0
49,0.75,0.5,1,0.925,0.775,0.65,0.625,0.25,0.2,0.15,0
50,0.75,0.5,1,0.85,0.775,0.725,0.675,0.625,0.55,0.225,0
51,0.75,0.5,1,0.675,0.475,0.4,0.3,0.25,0.125,0.075,0
52,0.75,0.5,1,0.9,0.525,0.5,0.4,0.275,0.225,0.05,0
53,0.75,0.5,1,0.825,0.75,0.65,0.325,0.125,0.075,0.05,0
54,0.75,0.5,1,0.925,0.85,0.7,0.35,0.15,0.1,0.05,0
55,0.75,0.5,1,0.675,0.625,0.4,0.275,0.225,0.2,0.05,0
56,0.75,0.5,1,0.95,0.8,0.475,0.3,0.175,0.1,0.05,0
57,0.75,0.5,1,0.925,0.875,0.725,0.6,0.5,0.075,0.05,0
58,0.75,0.5,1,0.825,0.775,0.7,0.625,0.2,0.15,0.05,0
59,0.75,0.5,1,0.7,0.5,0.4,0.375,0.25,0.1,0.05,0
60,0.75,0.5,1,0.925,0.575,0.425,0.2,0.15,0.125,0.05,0
61,0.75,0.5,1,0.825,0.475,0.35,0.25,0.225,0.1,0.05,0
62,0.75,0.5,1,0.85,0.45,0.325,0.2,0.15,0.1,0.075,0
63,0.75,0.5,1,0.9,0.475,0.425,0.3,0.175,0.125,0.075,0
64,0.75,0.5,1,0.825,0.425,0.375,0.325,0.225,0.1,0.05,0
65,0.75,0.5,1,0.825,0.775,0.4,0.35,0.3,0.175,0.05,0
66,0.75,0.5,1,0.675,0.55,0.35,0.3,0.2,0.15,0.1,0
67,0.75,0.5,1,0.85,0.45,0.3,0.25,0.175,0.125,0.05,0
68,0.75,0.5,1,0.825,0.475,0.4,0.375,0.175,0.1,0.05,0
69,0.75,0.5,1,0.875,0.525,0.4,0.35,0.225,0.175,0.125,0
70,0.75,0.5,1,0.85,0.825,0.775,0.675,0.375,0.1,0.05,0
71,0.75,0.5,1,0.825,0.75,0.725,0.4,0.25,0.2,0.05,0
72,0.75,0.5,1,0.975,0.65,0.45,0.325,0.275,0.125,0.075,0
73,0.75,0.5,1,0.875,0.475,0.425,0.35,0.275,0.225,0.05,0
74,0.75,0.5,1,0.65,0.45,0.325,0.3,0.2,0.1,0.05,0
75,0.75,0.5,1,0.875,0.45,0.325,0.275,0.15,0.1,0.05,0
76,0.75,0.5,1,0.625,0.55,0.425,0.375,0.3,0.275,0.05,0
77,0.75,0.5,1,0.65,0.6,0.325,0.275,0.2,0.175,0.05,0
78,0.75,0.5,1,0.85,0.525,0.4,0.275,0.225,0.125,0.05,0
79,0.75,0.5,1,0.825,0.7,0.625,0.6,0.225,0.175,0.125,0
80,0.75,0.5,1,0.95,0.625,0.45,0.3,0.2,0.15,0.05,0
81,0.75,0.5,1,0.825,0.45,0.325,0.275,0.225,0.2,0.1,0
82,0.75,0.5,1,0.8,0.45,0.4,0.3,0.175,0.125,0.05,0
83,0.75,0.5,1,0.85,0.775,0.725,0.3,0.2,0.075,0.05,0
84,0.75,0.5,1,0.925,0.75,0.65,0.3,0.225,0.1,0.05,0
85,0.75,0.5,1,0.825,0.5,0.45,0.4,0.275,0.15,0.05,0
86,0.75,0.5,1,0.825,0.725,0.675,0.3,0.125,0.1,0.05,0
87,0.75,0.5,1,0.925,0.8,0.7,0.575,0.525,0.075,0.025,0
88,0.75,0.5,1,0.85,0.45,0.375,0.275,0.15,0.1,0.05,0
89,0.75,0.5,1,0.85,0.525,0.45,0.35,0.25,0.2,0.15,0
90,0.75,0.5,1,0.9,0.55,0.35,0.225,0.175,0.15,0.05,0
91,0.75,0.5,1,0.725,0.5,0.425,0.275,0.15,0.1,0.05,0
92,0.75,0.5,1,0.85,0.475,0.4,0.3,0.25,0.1,0.05,0
93,0.75,0.5,1,0.875,0.475,0.425,0.25,0.225,0.1,0.05,0
94,0.75,0.5,1,0.65,0.5,0.45,0.375,0.225,0.1,0.05,0
95,0.75,0.5,1,0.925,0.775,0.725,0.35,0.3,0.2,0.15,0
96,0.75,0.5,1,0.875,0.825,0.45,0.325,0.25,0.2,0.05,0
97,0.75,0.5,1,0.925,0.6,0.35,0.3,0.175,0.125,0.1,0
98,0.75,0.5,1,0.875,0.475,0.325,0.2,0.125,0.075,0.05,0
99,0.75,0.5,1,0.875,0.825,0.45,0.4,0.325,0.075,0.05,0
100,0.75,0.5,1,0.825,0.725,0.325,0.275,0.225,0.125,0.075,0
101,0.75,0.5,1,0.85,0.75,0.65,0.35,0.25,0.1,0.05,0
102,0.75,0.5,1,0.95,0.925,0.75,0.65,0.3,0.25,0.05,0
103,0.75,0.5,1,0.95,0.575,0.5,0.3,0.175,0.125,0.05,0
104,0.75,0.5,1,0.825,0.75,0.45,0.325,0.275,0.1,0.05,0
105,0.75,0.5,1,0.675,0.625,0.5,0.45,0.275,0.1,0.05,0
106,0.75,0.5,1,0.825,0.725,0.425,0.3,0.25,0.125,0.075,0
107,0.75,0.5,1,0.65,0.525,0.325,0.25,0.125,0.075,0.025,0
108,0.75,0.5,1,0.625,0.5,0.35,0.25,0.2,0.15,0.075,0
109,0.75,0.5,1,0.9,0.8,0.475,0.325,0.275,0.225,0.05,0
110,0.75,0.5,1,0.925,0.875,0.675,0.65,0.25,0.2,0.15,0
111,0.75,0.5,1,0.675,0.625,0.475,0.375,0.2,0.15,0.1,0
112,0.75,0.5,1,0.8,0.475,0.35,0.225,0.2,0.1,0.05,0
113,0.75,0.5,1,0.85,0.8,0.75,0.35,0.275,0.225,0.05,0
114,0.75,0.5,1,0.825,0.75,0.65,0.6,0.225,0.15,0.05,0
115,0.75,0.5,1,0.675,0.475,0.4,0.3,0.175,0.125,0.075,0
116,0.75,0.5,1,0.675,0.5,0.45,0.3,0.125,0.075,0.025,0
117,0.75,0.5,1,0.65,0.525,0.425,0.4,0.35,0.2,0.05,0
118,0.75,0.5,1,0.65,0.45,0.4,0.275,0.225,0.175,0.1,0
119,0.75,0.5,1,0.65,0.45,0.4,0.3,0.225,0.175,0.05,0
120,0.75,0.5,1,0.925,0.9,0.55,0.4,0.2,0.15,0.05,0
121,0.75,0.5,1,0.95,0.775,0.5,0.45,0.25,0.2,0.15,0
122,0.75,0.5,1,0.7,0.65,0.525,0.3,0.25,0.2,0.1,0
123,0.75,0.5,1,0.65,0.5,0.375,0.325,0.275,0.225,0.15,0
124,0.75,0.5,1,0.975,0.85,0.5,0.425,0.3,0.1,0.05,0
125,0.75,0.5,1,0.95,0.9,0.75,0.675,0.4,0.25,0.2,0
126,0.75,0.5,1,0.9,0.5,0.4,0.375,0.25,0.1,0.05,0
127,0.75,0.5,1,0.875,0.775,0.675,0.35,0.325,0.275,0.05,0
128,0.75,0.5,1,0.925,0.875,0.625,0.575,0.2,0.15,0.125,0
129,0.75,0.5,1,0.925,0.775,0.45,0.275,0.2,0.15,0.05,0
130,0.75,0.5,1,0.925,0.75,0.675,0.325,0.275,0.225,0.2,0
131,0.75,0.5,1,0.925,0.6,0.525,0.475,0.15,0.1,0.05,0
132,0.75,0.5,1,0.675,0.5,0.4,0.375,0.325,0.125,0.05,0
133,0.75,0.5,1,0.875,0.525,0.3,0.25,0.175,0.075,0.05,0
134,0.75,0.5,1,0.95,0.9,0.725,0.3,0.225,0.175,0.05,0
135,0.75,0.5,1,0.625,0.45,0.375,0.225,0.125,0.075,0.05,0
136,0.75,0.5,1,0.875,0.825,0.425,0.375,0.25,0.15,0.1,0
137,0.75,0.5,1,0.825,0.45,0.325,0.25,0.2,0.125,0.05,0
138,0.75,0.5,1,0.875,0.775,0.4,0.275,0.225,0.175,0.075,0
139,0.75,0.5,1,0.725,0.55,0.5,0.325,0.225,0.1,0.05,0
140,0.75,0.5,1,0.85,0.75,0.375,0.325,0.175,0.15,0.05,0
141,0.75,0.5,1,0.925,0.9,0.55,0.35,0.275,0.225,0.175,0
142,0.75,0.5,1,0.975,0.9,0.725,0.275,0.175,0.1,0.05,0
143,0.75,0.5,1,0.675,0.5,0.375,0.3,0.175,0.125,0.05,0
144,0.75,0.5,1,0.975,0.8,0.75,0.325,0.275,0.15,0.05,0
145,0.75,0.5,1,0.875,0.675,0.625,0.3,0.225,0.1,0.05,0
146,0.75,0.5,1,0.975,0.775,0.45,0.375,0.3,0.25,0.05,0
147,0.75,0.5,1,0.85,0.45,0.375,0.225,0.125,0.1,0.05,0
148,0.75,0.5,1,0.8,0.75,0.375,0.25,0.175,0.1,0.05,0
149,0.75,0.5,1,0.95,0.9,0.725,0.4,0.225,0.175,0.125,0
150,0.75,0.5,1,0.85,0.775,0.45,0.35,0.3,0.25,0.05,0
151,0.75,0.5,1,0.65,0.575,0.425,0.375,0.25,0.2,0.05,0
152,0.75,0.5,1,0.85,0.775,0.45,0.375,0.25,0.2,0.15,0
153,0.75,0.5,1,0.95,0.8,0.375,0.225,0.175,0.15,0.1,0
154,0.75,0.5,1,0.825,0.4,0.275,0.225,0.15,0.075,0.05,0
155,0.75,0.5,1,0.625,0.475,0.4,0.275,0.2,0.15,0.1,0
156,0.75,0.5,1,0.825,0.475,0.35,0.3,0.225,0.175,0.05,0
157,0.75,0.5,1,0.65,0.45,0.35,0.3,0.25,0.15,0.05,0
158,0.75,0.5,1,0.625,0.425,0.3,0.225,0.175,0.125,0.05,0
159,0.75,0.5,1,0.7,0.625,0.45,0.225,0.2,0.15,0.05,0
160,0.75,0.5,1,0.85,0.525,0.4,0.35,0.3,0.2,0.15,0
161,0.75,0.5,1,0.85,0.775,0.7,0.675,0.25,0.2,0.05,0
162,0.75,0.5,1,0.95,0.625,0.475,0.4,0.275,0.225,0.05,0
163,0.75,0.5,1,0.825,0.775,0.725,0.425,0.275,0.225,0.175,0
164,0.75,0.5,1,0.625,0.4,0.325,0.25,0.125,0.1,0.05,0
165,0.75,0.5,1,0.875,0.75,0.7,0.3,0.2,0.15,0.025,0
166,0.75,0.5,1,0.825,0.45,0.325,0.275,0.25,0.125,0.05,0
167,0.75,0.5,1,0.95,0.75,0.675,0.625,0.25,0.1,0.05,0
168,0.75,0.5,1,0.975,0.8,0.7,0.35,0.25,0.2,0.05,0
169,0.75,0.5,1,0.625,0.45,0.325,0.225,0.2,0.1,0.05,0
170,0.75,0.5,1,0.825,0.45,0.375,0.35,0.3,0.175,0.05,0
171,0.75,0.5,1,0.925,0.625,0.4,0.35,0.3,0.275,0.075,0
172,0.75,0.5,1,0.9,0.6,0.425,0.375,0.3,0.2,0.05,0
173,0.75,0.5,1,0.925,0.775,0.65,0.625,0.3,0.25,0.2,0
174,0.75,0.5,1,0.95,0.65,0.45,0.275,0.2,0.175,0.05,0
175,0.75,0.5,1,0.95,0.875,0.65,0.275,0.225,0.125,0.075,0
176,0.75,0.5,1,0.95,0.8,0.45,0.425,0.3,0.15,0.05,0
177,0.75,0.5,1,0.825,0.8,0.675,0.375,0.225,0.1,0.05,0
178,0.75,0.5,1,0.75,0.675,0.625,0.35,0.3,0.25,0.125,0
179,0.75,0.5,1,0.95,0.9,0.8,0.425,0.225,0.175,0.05,0
180,0.75,0.5,1,0.625,0.475,0.3,0.275,0.175,0.1,0.05,0
181,0.75,0.5,1,0.65,0.55,0.5,0.375,0.325,0.25,0.2,0
182,0.75,0.5,1,0.95,0.85,0.7,0.4,0.25,0.15,0.05,0
183,0.75,0.5,1,0.65,0.475,0.375,0.2,0.15,0.125,0.075,0
184,0.75,0.5,1,0.8,0.75,0.45,0.35,0.3,0.25,0.05,0
185,0.75,0.5,1,0.95,0.775,0.725,0.425,0.275,0.225,0.175,0
186,0.75,0.5,1,0.775,0.725,0.675,0.625,0.2,0.075,0.05,0
187,0.75,0.5,1,0.875,0.475,0.35,0.25,0.225,0.175,0.125,0
188,0.75,0.5,1,0.85,0.8,0.275,0.225,0.15,0.1,0.025,0
189,0.75,0.5,1,0.95,0.825,0.725,0.375,0.275,0.225,0.05,0
190,0.75,0.5,1,0.825,0.75,0.425,0.375,0.325,0.2,0.15,0
191,0.75,0.5,1,0.875,0.775,0.725,0.325,0.275,0.225,0.075,0
192,0.75,0.5,1,0.675,0.575,0.4,0.35,0.175,0.075,0.025,0
193,0.75,0.5,1,0.95,0.8,0.45,0.3,0.225,0.1,0.05,0
194,0.75,0.5,1,0.85,0.4,0.35,0.2,0.15,0.075,0.025,0
195,0.75,0.5,1,0.95,0.8,0.45,0.375,0.325,0.275,0.225,0
196,0.75,0.5,1,0.8,0.475,0.375,0.35,0.225,0.175,0.05,0
197,0.75,0.5,1,0.85,0.725,0.45,0.375,0.325,0.25,0.2,0
198,0.75,0.5,1,0.875,0.525,0.45,0.35,0.275,0.225,0.175,0
199,0.75,0.5,1,0.925,0.8,0.475,0.375,0.325,0.275,0.225,0
200,0.75,0.5,1,0.85,0.75,0.675,0.325,0.275,0.225,0.125,0
201,0.75,0.5,1,0.925,0.725,0.65,0.3,0.25,0.2,0.175,0
202,0.75,0.5,1,0.85,0.475,0.35,0.3,0.25,0.15,0.1,0
203,0.75,0.5,1,0.625,0.5,0.45,0.425,0.175,0.1,0.05,0
204,0.75,0.5,1,0.85,0.75,0.425,0.3,0.175,0.125,0.05,0
205,0.75,0.5,1,0.875,0.45,0.35,0.2,0.125,0.1,0.05,0
206,0.75,0.5,1,0.975,0.825,0.775,0.675,0.375,0.175,0.125,0
207,0.75,0.5,1,0.9,0.5,0.4,0.35,0.225,0.175,0.125,0
208,0.75,0.5,1,0.825,0.775,0.35,0.225,0.175,0.1,0.05,0
209,0.75,0.5,1,0.825,0.725,0.675,0.35,0.3,0.25,0.125,0
210,0.75,0.5,1,0.8,0.375,0.3,0.225,0.15,0.1,0.05,0
211,0.75,0.5,1,0.675,0.6,0.475,0.45,0.175,0.125,0.075,0
212,0.75,0.5,1,0.925,0.75,0.375,0.275,0.225,0.175,0.125,0
213,0.75,0.5,1,0.925,0.775,0.425,0.275,0.225,0.2,0.15,0
214,0.75,0.5,1,0.875,0.75,0.4,0.35,0.225,0.175,0.05,0
215,0.75,0.5,1,0.95,0.9,0.525,0.325,0.275,0.1,0.075,0
216,0.75,0.5,1,0.8,0.75,0.425,0.35,0.3,0.15,0.05,0
217,0.75,0.5,1,0.95,0.775,0.45,0.4,0.175,0.125,0.05,0
218,0.75,0.5,1,0.825,0.475,0.425,0.3,0.25,0.15,0.125,0
219,0.75,0.5,1,0.975,0.8,0.675,0.6,0.175,0.125,0.05,0
220,0.75,0.5,1,0.875,0.825,0.475,0.325,0.2,0.15,0.1,0
221,0.75,0.5,1,0.625,0.475,0.325,0.275,0.225,0.1,0.025,0
222,0.75,0.5,1,0.725,0.625,0.4,0.275,0.15,0.1,0.05,0
223,0.75,0.5,1,0.825,0.775,0.725,0.35,0.2,0.15,0.1,0
224,0.75,0.5,1,0.95,0.725,0.325,0.225,0.2,0.15,0.05,0
225,0.75,0.5,1,0.675,0.5,0.45,0.4,0.275,0.125,0.05,0
226,0.75,0.5,1,0.6,0.55,0.525,0.45,0.4,0.3,0.05,0
227,0.75,0.5,1,0.65,0.45,0.35,0.275,0.2,0.15,0.1,0
228,0.75,0.5,1,0.85,0.425,0.325,0.25,0.2,0.075,0.05,0
229,0.75,0.5,1,0.725,0.65,0.45,0.4,0.25,0.225,0.05,0
230,0.75,0.5,1,0.95,0.575,0.35,0.275,0.25,0.1,0.05,0
231,0.75,0.5,1,0.95,0.625,0.475,0.4,0.3,0.1,0.05,0
232,0.75,0.5,1,0.95,0.825,0.775,0.75,0.4,0.2,0.15,0
233,0.75,0.5,1,0.85,0.775,0.45,0.4,0.35,0.3,0.175,0
234,0.75,0.5,1,0.95,0.6,0.375,0.325,0.3,0.125,0.05,0
235,0.75,0.5,1,0.925,0.725,0.475,0.325,0.175,0.1,0.05,0
236,0.75,0.5,1,0.95,0.9,0.85,0.725,0.35,0.175,0.125,0
237,0.75,0.5,1,0.95,0.775,0.7,0.325,0.3,0.15,0.05,0
238,0.75,0.5,1,0.85,0.725,0.675,0.625,0.575,0.25,0.1,0
239,0.75,0.5,1,0.85,0.775,0.65,0.325,0.275,0.25,0.2,0
240,0.75,0.5,1,0.85,0.475,0.425,0.3,0.275,0.2,0.15,0
241,0.75,0.5,1,0.8,0.475,0.45,0.4,0.3,0.125,0.05,0
242,0.75,0.5,1,0.85,0.55,0.475,0.425,0.4,0.1,0.05,0
243,0.75,0.5,1,0.9,0.725,0.4,0.3,0.175,0.125,0.075,0
244,0.75,0.5,1,0.675,0.475,0.425,0.4,0.225,0.15,0.1,0
245,0.75,0.5,1,0.95,0.8,0.375,0.35,0.3,0.125,0.05,0
246,0.75,0.5,1,0.8,0.425,0.35,0.3,0.15,0.1,0.075,0
247,0.75,0.5,1,0.825,0.775,0.675,0.625,0.275,0.225,0.05,0
248,0.75,0.5,1,0.875,0.775,0.65,0.575,0.25,0.2,0.05,0
249,0.75,0.5,1,0.9,0.85,0.8,0.75,0.65,0.55,0.05,0
250,0.75,0.5,1,0.85,0.45,0.375,0.325,0.275,0.125,0.05,0
251,0.75,0.5,1,0.775,0.725,0.375,0.325,0.275,0.2,0.05,0
252,0.75,0.5,1,0.925,0.825,0.525,0.225,0.2,0.1,0.05,0
253,0.75,0.5,1,0.975,0.8,0.45,0.375,0.325,0.2,0.15,0
254,0.75,0.5,1,0.8,0.75,0.7,0.3,0.2,0.15,0.1,0
255,0.75,0.5,1,0.85,0.75,0.375,0.225,0.175,0.15,0.05,0
256,0.75,0.5,1,0.95,0.825,0.45,0.375,0.225,0.175,0.05,0
257,0.75,0.5,1,0.95,0.55,0.45,0.3,0.225,0.1,0.05,0
258,0.75,0.5,1,0.95,0.75,0.4,0.25,0.225,0.175,0.125,0
259,0.75,0.5,1,0.7,0.625,0.55,0.3,0.175,0.1,0.05,0
260,0.75,0.5,1,0.8,0.725,0.675,0.375,0.25,0.075,0.05,0
261,0.75,0.5,1,0.9,0.75,0.7,0.325,0.225,0.125,0.05,0
262,0.75,0.5,1,0.925,0.775,0.425,0.275,0.25,0.2,0.05,0
263,0.75,0.5,1,0.65,0.5,0.45,0.375,0.225,0.075,0.05,0
264,0.75,0.5,1,0.65,0.55,0.35,0.275,0.125,0.1,0.05,0
265,0.75,0.5,1,0.925,0.75,0.425,0.25,0.225,0.175,0.125,0
266,0.75,0.5,1,0.875,0.775,0.375,0.225,0.175,0.075,0.05,0
267,0.75,0.5,1,0.875,0.5,0.475,0.35,0.275,0.225,0.175,0
268,0.75,0.5,1,0.825,0.775,0.375,0.25,0.175,0.15,0.05,0
269,0.75,0.5,1,0.95,0.775,0.425,0.4,0.3,0.2,0.05,0
270,0.75,0.5,1,0.8,0.775,0.375,0.25,0.2,0.15,0.05,0
271,0.75,0.5,1,0.825,0.75,0.4,0.3,0.175,0.125,0.075,0
272,0.75,0.5,1,0.725,0.5,0.375,0.3,0.275,0.1,0.05,0
273,0.75,0.5,1,0.825,0.475,0.425,0.4,0.35,0.275,0.175,0
274,0.75,0.5,1,0.825,0.5,0.4,0.35,0.3,0.175,0.05,0
275,0.75,0.5,1,0.925,0.75,0.625,0.225,0.2,0.15,0.05,0
276,0.75,0.5,1,0.8,0.75,0.6,0.25,0.15,0.1,0.075,0
277,0.75,0.5,1,0.925,0.575,0.375,0.35,0.2,0.15,0.05,0
278,0.75,0.5,1,0.95,0.775,0.725,0.4,0.35,0.3,0.15,0
279,0.75,0.5,1,0.825,0.5,0.4,0.225,0.175,0.125,0.025,0
280,0.75,0.5,1,0.825,0.475,0.35,0.25,0.2,0.125,0.075,0
281,0.75,0.5,1,0.9,0.75,0.675,0.275,0.125,0.075,0.05,0
282,0.75,0.5,1,0.8,0.7,0.65,0.3,0.125,0.1,0.05,0
283,0.75,0.5,1,0.925,0.75,0.375,0.225,0.2,0.15,0.1,0
284,0.75,0.5,1,0.65,0.5,0.45,0.4,0.325,0.275,0.15,0
285,0.75,0.5,1,0.875,0.775,0.4,0.25,0.125,0.075,0.025,0
286,0.75,0.5,1,0.925,0.6,0.425,0.375,0.225,0.175,0.025,0
287,0.75,0.5,1,0.925,0.825,0.45,0.3,0.125,0.075,0.05,0
288,0.75,0.5,1,0.8,0.675,0.625,0.575,0.225,0.1,0.05,0
289,0.75,0.5,1,0.925,0.75,0.4,0.35,0.225,0.1,0.05,0
290,0.75,0.5,1,0.875,0.75,0.425,0.375,0.3,0.175,0.05,0
291,0.75,0.5,1,0.85,0.8,0.4,0.325,0.175,0.1,0.05,0
292,0.75,0.5,1,0.775,0.725,0.425,0.3,0.175,0.1,0.05,0
293,0.75,0.5,1,0.9,0.825,0.65,0.625,0.35,0.1,0.05,0
294,0.75,0.5,1,0.825,0.45,0.375,0.225,0.175,0.1,0.05,0
295,0.75,0.5,1,0.85,0.425,0.325,0.275,0.15,0.125,0.075,0
296,0.75,0.5,1,0.8,0.45,0.3,0.25,0.175,0.125,0.05,0
297,0.75,0.5,1,0.925,0.9,0.8,0.45,0.225,0.175,0.05,0
298,0.75,0.5,1,0.925,0.75,0.4,0.35,0.3,0.15,0.05,0
299,0.75,0.5,1,0.95,0.9,0.725,0.675,0.575,0.175,0.15,0
300,0.75,0.5,1,0.9,0.7,0.325,0.3,0.175,0.125,0.075,0
301,0.75,0.5,1,0.85,0.775,0.375,0.25,0.15,0.1,0.05,0
302,0.75,0.5,1,0.975,0.875,0.525,0.45,0.4,0.35,0.15,0
303,0.75,0.5,1,0.95,0.9,0.825,0.65,0.25,0.225,0.1,0
304,0.75,0.5,1,0.875,0.775,0.375,0.3,0.275,0.225,0.175,0
305,0.75,0.5,1,0.65,0.55,0.325,0.25,0.125,0.1,0.05,0
306,0.75,0.5,1,0.925,0.725,0.675,0.3,0.25,0.2,0.1,0
307,0.75,0.5,1,0.65,0.575,0.425,0.375,0.15,0.125,0.05,0
308,0.75,0.5,1,0.9,0.75,0.35,0.3,0.175,0.125,0.075,0
309,0.75,0.5,1,0.625,0.5,0.45,0.4,0.15,0.075,0.05,0
310,0.75,0.5,1,0.95,0.75,0.375,0.275,0.25,0.1,0.05,0
311,0.75,0.5,1,0.875,0.45,0.375,0.225,0.2,0.15,0.05,0
312,0.75,0.5,1,0.85,0.8,0.45,0.35,0.3,0.225,0.05,0
313,0.75,0.5,1,0.8,0.425,0.375,0.35,0.3,0.15,0.1,0
314,0.75,0.5,1,0.7,0.55,0.375,0.275,0.125,0.075,0.05,0
315,0.75,0.5,1,0.825,0.5,0.475,0.375,0.275,0.225,0.175,0
316,0.75,0.5,1,0.9,0.55,0.5,0.35,0.225,0.175,0.125,0
317,0.75,0.5,1,0.775,0.45,0.325,0.25,0.125,0.075,0.025,0
318,0.75,0.5,1,0.825,0.775,0.4,0.35,0.225,0.175,0.075,0
319,0.75,0.5,1,0.975,0.825,0.475,0.425,0.275,0.225,0.175,0
320,0.75,0.5,1,0.95,0.65,0.45,0.325,0.225,0.1,0.05,0
321,0.75,0.5,1,0.95,0.9,0.75,0.4,0.35,0.175,0.15,0
322,0.75,0.5,1,0.8,0.75,0.625,0.275,0.15,0.1,0.05,0
323,0.75,0.5,1,0.8,0.675,0.625,0.6,0.225,0.125,0.075,0
324,0.75,0.5,1,0.85,0.8,0.425,0.3,0.175,0.125,0.075,0
325,0.75,0.5,1,0.825,0.775,0.475,0.425,0.3,0.175,0.05,0
326,0.75,0.5,1,0.85,0.725,0.625,0.275,0.225,0.2,0.05,0
327,0.75,0.5,1,0.875,0.775,0.725,0.4,0.375,0.25,0.2,0
328,0.75,0.5,1,0.925,0.6,0.5,0.225,0.175,0.15,0.1,0
329,0.75,0.5,1,0.95,0.775,0.725,0.7,0.6,0.3,0.05,0
330,0.75,0.5,1,0.825,0.75,0.375,0.225,0.175,0.125,0.075,0
331,0.75,0.5,1,0.95,0.725,0.5,0.425,0.375,0.15,0.05,0
332,0.75,0.5,1,0.925,0.775,0.675,0.325,0.3,0.1,0.05,0
333,0.75,0.5,1,0.6,0.45,0.35,0.175,0.125,0.075,0.05,0
334,0.75,0.5,1,0.875,0.575,0.45,0.325,0.25,0.2,0.15,0
335,0.75,0.5,1,0.625,0.45,0.4,0.325,0.275,0.225,0.2,0
336,0.75,0.5,1,0.975,0.8,0.5,0.375,0.325,0.175,0.125,0
337,0.75,0.5,1,0.85,0.8,0.45,0.4,0.325,0.2,0.05,0
338,0.75,0.5,1,0.925,0.775,0.725,0.325,0.15,0.125,0.05,0
339,0.75,0.5,1,0.9,0.725,0.425,0.275,0.225,0.175,0.05,0
340,0.75,0.5,1,0.95,0.625,0.4,0.275,0.225,0.175,0.15,0
341,0.75,0.5,1,0.95,0.85,0.8,0.725,0.65,0.2,0.05,0
342,0.75,0.5,1,0.95,0.9,0.7,0.65,0.225,0.175,0.075,0
343,0.75,0.5,1,0.975,0.8,0.75,0.675,0.325,0.275,0.05,0
344,0.75,0.5,1,0.95,0.875,0.775,0.75,0.65,0.175,0.125,0
345,0.75,0.5,1,0.925,0.575,0.375,0.225,0.175,0.125,0.05,0
346,0.75,0.5,1,0.725,0.55,0.45,0.4,0.35,0.225,0.125,0
347,0.75,0.5,1,0.875,0.8,0.725,0.3,0.2,0.1,0.05,0
348,0.75,0.5,1,0.7,0.625,0.5,0.275,0.125,0.075,0.025,0
349,0.75,0.5,1,0.875,0.8,0.475,0.35,0.3,0.25,0.05,0
350,0.75,0.5,1,0.85,0.725,0.675,0.6,0.225,0.1,0.05,0
351,0.75,0.5,1,0.825,0.725,0.675,0.225,0.175,0.075,0.05,0
352,0.75,0.5,1,0.825,0.4,0.325,0.175,0.125,0.075,0.025,0
353,0.75,0.5,1,0.825,0.45,0.4,0.325,0.2,0.15,0.1,0
354,0.75,0.5,1,0.675,0.475,0.4,0.35,0.2,0.15,0.075,0
355,0.75,0.5,1,0.875,0.825,0.8,0.725,0.625,0.575,0.25,0
356,0.75,0.5,1,0.95,0.6,0.475,0.4,0.35,0.2,0.175,0
357,0.75,0.5,1,0.65,0.6,0.375,0.35,0.175,0.125,0.05,0
358,0.75,0.5,1,0.825,0.775,0.425,0.3,0.25,0.15,0.05,0
359,0.75,0.5,1,0.875,0.425,0.375,0.325,0.175,0.15,0.05,0
360,0.75,0.5,1,0.825,0.4,0.35,0.3,0.175,0.125,0.075,0
361,0.75,0.5,1,0.85,0.775,0.4,0.275,0.225,0.175,0.125,0
362,0.75,0.5,1,0.775,0.675,0.575,0.2,0.125,0.075,0.05,0
363,0.75,0.5,1,0.825,0.7,0.4,0.35,0.25,0.1,0.05,0
364,0.75,0.5,1,0.85,0.8,0.425,0.4,0.35,0.225,0.125,0
365,0.75,0.5,1,0.925,0.725,0.675,0.425,0.375,0.175,0.125,0
366,0.75,0.5,1,0.675,0.65,0.575,0.4,0.175,0.125,0.05,0
367,0.75,0.5,1,0.85,0.475,0.35,0.25,0.225,0.1,0.05,0
368,0.75,0.5,1,0.7,0.575,0.475,0.3,0.25,0.2,0.15,0
369,0.75,0.5,1,0.8,0.475,0.4,0.35,0.25,0.125,0.05,0
370,0.75,0.5,1,0.8,0.7,0.35,0.3,0.275,0.15,0.1,0
371,0.75,0.5,1,0.95,0.6,0.4,0.2,0.175,0.125,0.075,0
372,0.75,0.5,1,0.925,0.6,0.35,0.2,0.175,0.125,0.075,0
373,0.75,0.5,1,0.85,0.775,0.725,0.35,0.225,0.175,0.125,0
374,0.75,0.5,1,0.825,0.55,0.375,0.25,0.125,0.075,0.025,0
375,0.75,0.5,1,0.875,0.825,0.725,0.675,0.275,0.1,0.05,0
376,0.75,0.5,1,0.9,0.875,0.775,0.7,0.65,0.25,0.2,0
377,0.75,0.5,1,0.9,0.5,0.45,0.275,0.2,0.125,0.05,0
378,0.75,0.5,1,0.85,0.8,0.7,0.65,0.6,0.3,0.25,0
379,0.75,0.5,1,0.85,0.475,0.375,0.225,0.2,0.15,0.1,0
380,0.75,0.5,1,0.8,0.5,0.425,0.3,0.2,0.1,0.05,0
381,0.75,0.5,1,0.875,0.825,0.775,0.7,0.3,0.225,0.05,0
382,0.75,0.5,1,0.7,0.45,0.35,0.2,0.15,0.125,0.05,0
383,0.75,0.5,1,0.675,0.575,0.45,0.25,0.175,0.125,0.05,0
384,0.75,0.5,1,0.7,0.525,0.375,0.325,0.275,0.125,0.075,0
385,0.75,0.5,1,0.85,0.775,0.725,0.425,0.2,0.125,0.05,0
386,0.75,0.5,1,0.925,0.775,0.675,0.325,0.125,0.075,0.025,0
387,0.75,0.5,1,0.85,0.8,0.425,0.375,0.275,0.225,0.175,0
388,0.75,0.5,1,0.725,0.55,0.475,0.425,0.325,0.275,0.125,0
389,0.75,0.5,1,0.825,0.8,0.45,0.35,0.225,0.175,0.125,0
390,0.75,0.5,1,0.775,0.45,0.325,0.275,0.15,0.1,0.025,0
391,0.75,0.5,1,0.85,0.775,0.725,0.6,0.25,0.2,0.05,0
392,0.75,0.5,1,0.8,0.45,0.4,0.35,0.275,0.225,0.125,0
393,0.75,0.5,1,0.825,0.775,0.675,0.325,0.175,0.125,0.05,0
394,0.75,0.5,1,0.95,0.775,0.675,0.25,0.125,0.075,0.05,0
395,0.75,0.5,1,0.95,0.775,0.375,0.325,0.3,0.225,0.175,0
396,0.75,0.5,1,0.85,0.8,0.475,0.425,0.325,0.275,0.15,0
397,0.75,0.5,1,0.85,0.5,0.375,0.25,0.2,0.1,0.05,0
398,0.75,0.5,1,0.925,0.875,0.525,0.375,0.3,0.25,0.05,0
399,0.75,0.5,1,0.65,0.45,0.4,0.375,0.25,0.2,0.05,0
400,0.75,0.5,1,0.95,0.6,0.45,0.325,0.275,0.15,0.1,0
401,0.75,0.5,1,0.95,0.9,0.6,0.4,0.3,0.1,0.05,0
402,0.75,0.5,1,0.9,0.725,0.65,0.35,0.275,0.1,0.05,0
403,0.75,0.5,1,0.825,0.775,0.45,0.4,0.35,0.275,0.125,0
404,0.75,0.5,1,0.95,0.9,0.725,0.675,0.35,0.3,0.175,0
405,0.75,0.5,1,0.95,0.775,0.425,0.275,0.225,0.175,0.125,0
406,0.75,0.5,1,0.85,0.725,0.3,0.225,0.125,0.075,0.025,0
407,0.75,0.5,1,0.7,0.6,0.375,0.325,0.175,0.15,0.05,0
408,0.75,0.5,1,0.825,0.8,0.7,0.325,0.175,0.125,0.075,0
409,0.75,0.5,1,0.95,0.825,0.65,0.6,0.55,0.15,0.1,0
410,0.75,0.5,1,0.95,0.625,0.575,0.325,0.275,0.25,0.15,0
411,0.75,0.5,1,0.925,0.7,0.425,0.375,0.225,0.1,0.05,0
412,0.75,0.5,1,0.9,0.75,0.375,0.325,0.225,0.2,0.05,0
413,0.75,0.5,1,0.675,0.475,0.375,0.25,0.125,0.1,0.05,0
414,0.75,0.5,1,0.85,0.475,0.425,0.375,0.325,0.175,0.05,0
415,0.75,0.5,1,0.825,0.5,0.375,0.325,0.275,0.15,0.1,0
416,0.75,0.5,1,0.95,0.775,0.7,0.625,0.25,0.2,0.05,0
417,0.75,0.5,1,0.95,0.775,0.675,0.275,0.225,0.15,0.05,0
418,0.75,0.5,1,0.9,0.725,0.625,0.225,0.175,0.15,0.1,0
419,0.75,0.5,1,0.8,0.75,0.45,0.35,0.3,0.2,0.15,0
420,0.75,0.5,1,0.95,0.75,0.375,0.275,0.2,0.075,0.05,0
421,0.75,0.5,1,0.825,0.525,0.45,0.4,0.35,0.3,0.175,0
422,0.75,0.5,1,0.825,0.45,0.4,0.375,0.175,0.125,0.075,0
423,0.75,0.5,1,0.825,0.75,0.4,0.35,0.2,0.15,0.1,0
424,0.75,0.5,1,0.85,0.8,0.4,0.3,0.25,0.1,0.05,0
425,0.75,0.5,1,0.85,0.8,0.35,0.25,0.2,0.075,0.05,0
426,0.75,0.5,1,0.65,0.6,0.525,0.325,0.175,0.1,0.05,0
427,0.75,0.5,1,0.925,0.8,0.75,0.7,0.675,0.575,0.05,0
428,0.75,0.5,1,0.625,0.475,0.35,0.2,0.175,0.125,0.075,0
429,0.75,0.5,1,0.95,0.775,0.725,0.6,0.55,0.125,0.075,0
430,0.75,0.5,1,0.875,0.5,0.35,0.325,0.275,0.15,0.1,0
431,0.75,0.5,1,0.85,0.5,0.45,0.375,0.25,0.2,0.15,0
432,0.75,0.5,1,0.85,0.775,0.725,0.65,0.6,0.5,0.45,0
433,0.75,0.5,1,0.95,0.825,0.4,0.275,0.225,0.15,0.025,0
434,0.75,0.5,1,0.65,0.475,0.4,0.3,0.275,0.225,0.175,0
435,0.75,0.5,1,0.95,0.925,0.75,0.4,0.2,0.15,0.05,0
436,0.75,0.5,1,0.7,0.5,0.4,0.375,0.325,0.15,0.05,0
437,0.75,0.5,1,0.825,0.425,0.325,0.275,0.225,0.1,0.075,0
438,0.75,0.5,1,0.825,0.8,0.45,0.35,0.3,0.2,0.05,0
439,0.75,0.5,1,0.95,0.65,0.475,0.325,0.2,0.075,0.025,0
440,0.75,0.5,1,0.65,0.55,0.475,0.3,0.125,0.075,0.05,0
441,0.75,0.5,1,0.85,0.45,0.325,0.225,0.2,0.15,0.1,0
442,0.75,0.5,1,0.875,0.825,0.775,0.725,0.275,0.15,0.05,0
443,0.75,0.5,1,0.95,0.725,0.625,0.3,0.25,0.175,0.05,0
444,0.75,0.5,1,0.925,0.8,0.475,0.375,0.325,0.1,0.05,0
445,0.75,0.5,1,0.675,0.525,0.475,0.375,0.175,0.125,0.05,0
446,0.75,0.5,1,0.8,0.475,0.425,0.3,0.25,0.125,0.075,0
447,0.75,0.5,1,0.825,0.4,0.325,0.2,0.175,0.1,0.05,0
448,0.75,0.5,1,0.6,0.55,0.4,0.35,0.3,0.125,0.05,0
449,0.75,0.5,1,0.825,0.725,0.65,0.55,0.175,0.125,0.05,0
450,0.75,0.5,1,0.85,0.8,0.425,0.4,0.275,0.15,0.1,0
451,0.75,0.5,1,0.95,0.8,0.675,0.625,0.25,0.2,0.05,0
452,0.75,0.5,1,0.8,0.45,0.35,0.225,0.2,0.1,0.05,0
453,0.75,0.5,1,0.825,0.475,0.4,0.35,0.2,0.15,0.05,0
454,0.75,0.5,1,0.6,0.4,0.3,0.15,0.1,0.075,0.025,0
455,0.75,0.5,1,0.65,0.5,0.4,0.375,0.325,0.2,0.15,0
456,0.75,0.5,1,0.9,0.75,0.325,0.25,0.2,0.1,0.05,0
457,0.75,0.5,1,0.8,0.425,0.325,0.2,0.15,0.125,0.05,0
458,0.75,0.5,1,0.85,0.8,0.7,0.65,0.525,0.2,0.175,0
459,0.75,0.5,1,0.95,0.575,0.375,0.325,0.275,0.2,0.15,0
460,0.75,0.5,1,0.975,0.9,0.725,0.35,0.225,0.175,0.05,0
461,0.75,0.5,1,0.8,0.75,0.625,0.325,0.275,0.15,0.1,0
462,0.75,0.5,1,0.85,0.775,0.4,0.325,0.125,0.1,0.05,0
463,0.75,0.5,1,0.875,0.8,0.725,0.325,0.225,0.1,0.05,0
464,0.75,0.5,1,0.75,0.55,0.45,0.275,0.225,0.175,0.05,0
465,0.75,0.5,1,0.85,0.475,0.375,0.3,0.25,0.125,0.05,0
466,0.75,0.5,1,0.825,0.775,0.4,0.275,0.15,0.125,0.075,0
467,0.75,0.5,1,0.95,0.75,0.7,0.65,0.275,0.25,0.05,0
468,0.75,0.5,1,0.925,0.9,0.575,0.4,0.2,0.1,0.05,0
469,0.75,0.5,1,0.95,0.725,0.675,0.325,0.175,0.1,0.05,0
470,0.75,0.5,1,0.85,0.8,0.675,0.35,0.175,0.1,0.05,0
471,0.75,0.5,1,0.675,0.525,0.425,0.3,0.25,0.2,0.075,0
472,0.75,0.5,1,0.675,0.525,0.425,0.25,0.2,0.175,0.125,0
473,0.75,0.5,1,0.975,0.625,0.5,0.4,0.25,0.2,0.05,0
474,0.75,0.5,1,0.675,0.55,0.5,0.375,0.2,0.15,0.1,0
475,0.75,0.5,1,0.725,0.575,0.35,0.25,0.2,0.1,0.05,0
476,0.75,0.5,1,0.8,0.775,0.725,0.6,0.55,0.125,0.075,0
477,0.75,0.5,1,0.825,0.75,0.4,0.275,0.225,0.175,0.05,0
478,0.75,0.5,1,0.95,0.9,0.75,0.375,0.225,0.175,0.125,0
479,0.75,0.5,1,0.675,0.625,0.45,0.4,0.25,0.075,0.05,0
480,0.75,0.5,1,0.8,0.4,0.275,0.2,0.125,0.075,0.05,0
481,0.75,0.5,1,0.8,0.725,0.35,0.3,0.175,0.125,0.075,0
482,0.75,0.5,1,0.8,0.75,0.7,0.3,0.25,0.1,0.05,0
483,0.75,0.5,1,0.8,0.525,0.4,0.275,0.175,0.125,0.05,0
484,0.75,0.5,1,0.725,0.625,0.475,0.4,0.225,0.175,0.125,0
485,0.75,0.5,1,0.825,0.75,0.325,0.225,0.125,0.075,0.05,0
486,0.75,0.5,1,0.95,0.675,0.475,0.35,0.3,0.1,0.05,0
487,0.75,0.5,1,0.8,0.475,0.4,0.275,0.2,0.15,0.05,0
488,0.75,0.5,1,0.875,0.825,0.475,0.25,0.2,0.1,0.05,0
489,0.75,0.5,1,0.85,0.775,0.4,0.2,0.15,0.125,0.075,0
490,0.75,0.5,1,0.85,0.75,0.7,0.65,0.275,0.125,0.075,0
491,0.75,0.5,1,0.95,0.825,0.775,0.7,0.25,0.2,0.125,0
492,0.75,0.5,1,0.775,0.45,0.4,0.35,0.225,0.1,0.05,0
493,0.75,0.5,1,0.875,0.45,0.35,0.3,0.15,0.125,0.05,0
494,0.75,0.5,1,0.65,0.575,0.55,0.45,0.325,0.1,0.05,0
495,0.75,0.5,1,0.675,0.625,0.4,0.375,0.3,0.15,0.1,0
496,0.75,0.5,1,0.95,0.825,0.525,0.375,0.225,0.175,0.125,0
497,0.75,0.5,1,0.95,0.85,0.8,0.6,0.55,0.175,0.1,0
498,0.75,0.5,1,0.925,0.825,0.625,0.575,0.2,0.15,0.125,0
499,0.75,0.5,1,0.85,0.775,0.675,0.575,0.25,0.1,0.05,0
500,0.75,0.5,1,0.825,0.45,0.325,0.2,0.15,0.1,0.05,0
1,0.75,1,1,0.9,0.625,0.55,0.45,0.4,0.1,0.05,0
2,0.75,1,1,0.975,0.925,0.825,0.775,0.45,0.4,0.05,0
3,0.75,1,1,0.9,0.85,0.8,0.75,0.7,0.425,0.3,0
4,0.75,1,1,0.9,0.85,0.8,0.5,0.325,0.275,0.05,0
5,0.75,1,1,0.9,0.675,0.6,0.525,0.45,0.4,0.35,0
6,0.75,1,1,0.825,0.725,0.7,0.65,0.5,0.4,0.05,0
7,0.75,1,1,0.9,0.85,0.625,0.525,0.4,0.1,0.05,0
8,0.75,1,1,0.95,0.925,0.825,0.8,0.75,0.4,0.05,0
9,0.75,1,1,0.8,0.775,0.65,0.575,0.525,0.4,0.05,0
10,0.75,1,1,0.9,0.875,0.65,0.5,0.45,0.35,0.3,0
11,0.75,1,1,0.95,0.85,0.8,0.75,0.45,0.4,0.3,0
12,0.75,1,1,0.95,0.85,0.825,0.775,0.525,0.4,0.35,0
13,0.75,1,1,0.9,0.85,0.65,0.55,0.5,0.375,0.325,0
14,0.75,1,1,0.9,0.675,0.6,0.525,0.475,0.425,0.05,0
15,0.75,1,1,0.975,0.775,0.65,0.575,0.475,0.1,0.05,0
16,0.75,1,1,0.9,0.65,0.6,0.55,0.45,0.4,0.05,0
17,0.75,1,1,0.775,0.65,0.6,0.575,0.525,0.475,0.35,0
18,0.75,1,1,0.9,0.65,0.575,0.525,0.45,0.4,0.35,0
19,0.75,1,1,0.95,0.85,0.65,0.575,0.525,0.4,0.35,0
20,0.75,1,1,0.95,0.85,0.8,0.775,0.5,0.45,0.35,0
21,0.75,1,1,0.9,0.85,0.625,0.55,0.5,0.45,0.35,0
22,0.75,1,1,0.95,0.85,0.8,0.55,0.5,0.4,0.05,0
23,0.75,1,1,0.9,0.675,0.65,0.6,0.55,0.5,0.35,0
24,0.75,1,1,0.8,0.7,0.6,0.575,0.525,0.4,0.05,0
25,0.75,1,1,0.9,0.875,0.65,0.55,0.45,0.4,0.35,0
26,0.75,1,1,0.95,0.75,0.65,0.6,0.575,0.475,0.35,0
27,0.75,1,1,0.8,0.775,0.675,0.525,0.475,0.375,0.05,0
28,0.75,1,1,0.8,0.7,0.675,0.575,0.475,0.1,0.05,0
29,0.75,1,1,0.9,0.625,0.575,0.5,0.45,0.35,0.3,0
30,0.75,1,1,0.975,0.875,0.825,0.775,0.475,0.375,0.05,0
31,0.75,1,1,0.9,0.65,0.625,0.525,0.45,0.4,0.05,0
32,0.75,1,1,0.975,0.875,0.625,0.575,0.525,0.4,0.35,0
33,0.75,1,1,0.9,0.85,0.8,0.525,0.45,0.4,0.35,0
34,0.75,1,1,0.9,0.85,0.825,0.775,0.45,0.4,0.05,0
35,0.75,1,1,0.825,0.7,0.675,0.55,0.475,0.1,0.05,0
36,0.75,1,1,0.9,0.675,0.625,0.525,0.475,0.425,0.35,0
37,0.75,1,1,0.9,0.875,0.825,0.55,0.5,0.4,0.35,0
38,0.75,1,1,0.9,0.675,0.65,0.525,0.475,0.4,0.35,0
39,0.75,1,1,0.925,0.825,0.575,0.525,0.45,0.4,0.325,0
40,0.75,1,1,0.9,0.675,0.625,0.525,0.4,0.35,0.05,0
41,0.75,1,1,0.9,0.85,0.625,0.55,0.475,0.425,0.05,0
42,0.75,1,1,0.975,0.7,0.55,0.475,0.45,0.4,0.35,0
43,0.75,1,1,0.9,0.85,0.8,0.775,0.5,0.4,0.35,0
44,0.75,1,1,0.95,0.85,0.625,0.525,0.4,0.1,0.05,0
45,0.75,1,1,0.95,0.85,0.825,0.775,0.45,0.4,0.35,0
46,0.75,1,1,0.9,0.85,0.8,0.725,0.45,0.35,0.05,0
47,0.75,1,1,0.9,0.85,0.65,0.55,0.475,0.425,0.375,0
48,0.75,1,1,0.775,0.675,0.6,0.525,0.475,0.425,0.05,0
49,0.75,1,1,0.9,0.85,0.6,0.525,0.475,0.425,0.3,0
50,0.75,1,1,0.975,0.7,0.65,0.525,0.45,0.4,0.05,0
51,0.75,1,1,0.95,0.9,0.7,0.65,0.6,0.45,0.35,0
52,0.75,1,1,0.75,0.675,0.625,0.575,0.475,0.375,0.05,0
53,0.75,1,1,0.9,0.85,0.8,0.775,0.5,0.375,0.05,0
54,0.75,1,1,0.975,0.875,0.625,0.575,0.525,0.4,0.35,0
55,0.75,1,1,0.9,0.85,0.8,0.55,0.45,0.375,0.05,0
56,0.75,1,1,0.975,0.875,0.825,0.55,0.425,0.1,0.05,0
57,0.75,1,1,0.8,0.75,0.625,0.55,0.475,0.425,0.05,0
58,0.75,1,1,0.9,0.875,0.825,0.525,0.475,0.35,0.05,0
59,0.75,1,1,0.8,0.7,0.65,0.6,0.55,0.425,0.35,0
60,0.75,1,1,0.9,0.85,0.6,0.525,0.475,0.35,0.3,0
61,0.75,1,1,0.9,0.675,0.625,0.55,0.4,0.35,0.05,0
62,0.75,1,1,0.775,0.75,0.725,0.525,0.45,0.4,0.05,0
63,0.75,1,1,0.775,0.725,0.675,0.65,0.525,0.35,0.3,0
64,0.75,1,1,0.9,0.825,0.55,0.5,0.4,0.1,0.05,0
65,0.75,1,1,0.9,0.7,0.65,0.6,0.475,0.4,0.35,0
66,0.75,1,1,0.9,0.7,0.675,0.55,0.45,0.4,0.35,0
67,0.75,1,1,0.975,0.725,0.7,0.55,0.5,0.425,0.05,0
68,0.75,1,1,0.95,0.85,0.625,0.575,0.5,0.35,0.05,0
69,0.75,1,1,0.9,0.675,0.65,0.6,0.45,0.4,0.35,0
70,0.75,1,1,0.8,0.775,0.65,0.55,0.5,0.425,0.375,0
71,0.75,1,1,0.95,0.75,0.65,0.6,0.45,0.4,0.05,0
72,0.75,1,1,0.825,0.725,0.65,0.6,0.425,0.1,0.05,0
73,0.75,1,1,0.95,0.85,0.625,0.5,0.4,0.35,0.3,0
74,0.75,1,1,0.9,0.65,0.6,0.55,0.5,0.4,0.05,0
75,0.75,1,1,0.8,0.725,0.625,0.45,0.15,0.1,0.05,0
76,0.75,1,1,0.95,0.85,0.8,0.525,0.475,0.425,0.05,0
77,0.75,1,1,0.975,0.95,0.85,0.55,0.425,0.1,0.05,0
78,0.75,1,1,0.775,0.725,0.625,0.575,0.525,0.45,0.3,0
79,0.75,1,1,0.9,0.675,0.625,0.55,0.5,0.4,0.35,0
80,0.75,1,1,0.95,0.85,0.8,0.775,0.45,0.4,0.05,0
81,0.75,1,1,0.975,0.725,0.7,0.575,0.475,0.425,0.375,0
82,0.75,1,1,0.9,0.85,0.6,0.55,0.475,0.35,0.3,0
83,0.75,1,1,0.8,0.75,0.7,0.55,0.425,0.2,0.05,0
84,0.75,1,1,0.9,0.85,0.55,0.5,0.475,0.4,0.05,0
85,0.75,1,1,0.9,0.875,0.825,0.525,0.45,0.4,0.05,0
86,0.75,1,1,0.9,0.875,0.825,0.55,0.5,0.35,0.05,0
87,0.75,1,1,0.95,0.85,0.65,0.575,0.475,0.35,0.05,0
88,0.75,1,1,0.8,0.775,0.675,0.575,0.425,0.1,0.05,0
89,0.75,1,1,0.9,0.625,0.6,0.5,0.45,0.1,0.05,0
90,0.75,1,1,0.825,0.775,0.65,0.6,0.45,0.1,0.05,0
91,0.75,1,1,0.75,0.7,0.6,0.55,0.5,0.425,0.375,0
92,0.75,1,1,0.975,0.725,0.625,0.5,0.45,0.35,0.05,0
93,0.75,1,1,0.9,0.85,0.6,0.525,0.45,0.1,0.05,0
94,0.75,1,1,0.8,0.75,0.65,0.6,0.55,0.475,0.325,0
95,0.75,1,1,0.9,0.875,0.825,0.75,0.425,0.1,0.05,0
96,0.75,1,1,0.9,0.875,0.825,0.775,0.725,0.4,0.35,0
97,0.75,1,1,0.9,0.875,0.575,0.45,0.4,0.325,0.05,0
98,0.75,1,1,0.775,0.675,0.65,0.575,0.4,0.1,0.05,0
99,0.75,1,1,0.9,0.675,0.625,0.525,0.475,0.425,0.35,0
100,0.75,1,1,0.9,0.825,0.525,0.45,0.425,0.375,0.05,0
101,0.75,1,1,0.775,0.675,0.625,0.55,0.4,0.35,0.05,0
102,0.75,1,1,0.95,0.9,0.875,0.625,0.525,0.4,0.05,0
103,0.75,1,1,0.75,0.625,0.6,0.55,0.475,0.425,0.35,0
104,0.75,1,1,0.9,0.675,0.65,0.6,0.55,0.4,0.35,0
105,0.75,1,1,0.95,0.85,0.8,0.525,0.4,0.1,0.05,0
106,0.75,1,1,0.9,0.875,0.825,0.775,0.45,0.4,0.05,0
107,0.75,1,1,0.9,0.7,0.65,0.5,0.45,0.4,0.35,0
108,0.75,1,1,0.95,0.85,0.825,0.8,0.45,0.4,0.05,0
109,0.75,1,1,0.9,0.85,0.825,0.775,0.75,0.4,0.05,0
110,0.75,1,1,0.95,0.85,0.825,0.775,0.475,0.4,0.05,0
111,0.75,1,1,0.9,0.825,0.8,0.725,0.4,0.35,0.05,0
112,0.75,1,1,0.95,0.75,0.6,0.5,0.4,0.35,0.05,0
113,0.75,1,1,0.775,0.65,0.6,0.55,0.5,0.4,0.35,0
114,0.75,1,1,0.9,0.675,0.65,0.55,0.475,0.425,0.375,0
115,0.75,1,1,0.9,0.65,0.6,0.55,0.5,0.45,0.35,0
116,0.75,1,1,0.95,0.85,0.675,0.55,0.475,0.425,0.05,0
117,0.75,1,1,0.9,0.625,0.6,0.475,0.375,0.1,0.05,0
118,0.75,1,1,0.95,0.725,0.625,0.575,0.5,0.4,0.05,0
119,0.75,1,1,0.9,0.875,0.625,0.5,0.45,0.4,0.35,0
120,0.75,1,1,0.975,0.75,0.65,0.55,0.45,0.1,0.05,0
121,0.75,1,1,0.975,0.925,0.9,0.775,0.45,0.1,0.05,0
122,0.75,1,1,0.9,0.65,0.575,0.55,0.45,0.4,0.35,0
123,0.75,1,1,0.975,0.875,0.625,0.55,0.5,0.4,0.05,0
124,0.75,1,1,0.9,0.85,0.6,0.55,0.5,0.425,0.375,0
125,0.75,1,1,0.9,0.85,0.65,0.55,0.5,0.4,0.05,0
126,0.75,1,1,0.775,0.675,0.65,0.575,0.525,0.475,0.325,0
127,0.75,1,1,0.9,0.85,0.825,0.75,0.7,0.65,0.05,0
128,0.75,1,1,0.9,0.65,0.55,0.45,0.4,0.1,0.05,0
129,0.75,1,1,0.9,0.85,0.575,0.5,0.45,0.4,0.05,0
130,0.75,1,1,0.9,0.85,0.825,0.775,0.45,0.4,0.35,0
131,0.75,1,1,0.775,0.75,0.625,0.575,0.425,0.1,0.05,0
132,0.75,1,1,0.8,0.7,0.675,0.525,0.325,0.275,0.05,0
133,0.75,1,1,0.9,0.65,0.6,0.55,0.475,0.425,0.225,0
134,0.75,1,1,0.9,0.85,0.6,0.525,0.4,0.35,0.05,0
135,0.75,1,1,0.95,0.9,0.8,0.525,0.5,0.4,0.05,0
136,0.75,1,1,0.975,0.95,0.825,0.775,0.45,0.4,0.35,0
137,0.75,1,1,0.95,0.75,0.65,0.6,0.475,0.4,0.35,0
138,0.75,1,1,0.95,0.925,0.875,0.775,0.475,0.425,0.375,0
139,0.75,1,1,0.9,0.875,0.65,0.55,0.5,0.375,0.325,0
140,0.75,1,1,0.775,0.675,0.625,0.6,0.5,0.4,0.35,0
141,0.75,1,1,0.925,0.825,0.8,0.725,0.7,0.1,0.05,0
142,0.75,1,1,0.9,0.85,0.825,0.525,0.45,0.4,0.35,0
143,0.75,1,1,0.95,0.85,0.6,0.525,0.475,0.4,0.05,0
144,0.75,1,1,0.9,0.675,0.65,0.6,0.475,0.4,0.35,0
145,0.75,1,1,0.9,0.85,0.65,0.55,0.45,0.4,0.05,0
146,0.75,1,1,0.975,0.925,0.825,0.525,0.475,0.4,0.35,0
147,0.75,1,1,0.975,0.75,0.625,0.6,0.55,0.4,0.35,0
148,0.75,1,1,0.9,0.85,0.8,0.575,0.475,0.425,0.35,0
149,0.75,1,1,0.95,0.75,0.65,0.525,0.45,0.4,0.05,0
150,0.75,1,1,0.9,0.85,0.65,0.625,0.525,0.425,0.375,0
151,0.75,1,1,0.95,0.85,0.8,0.575,0.5,0.45,0.35,0
152,0.75,1,1,0.9,0.825,0.8,0.725,0.4,0.1,0.05,0
153,0.75,1,1,0.95,0.925,0.7,0.55,0.45,0.4,0.35,0
154,0.75,1,1,0.95,0.85,0.6,0.55,0.475,0.4,0.35,0
155,0.75,1,1,0.9,0.85,0.825,0.525,0.475,0.425,0.3,0
156,0.75,1,1,0.9,0.85,0.8,0.525,0.475,0.35,0.05,0
157,0.75,1,1,0.9,0.85,0.65,0.625,0.575,0.525,0.35,0
158,0.75,1,1,0.95,0.9,0.8,0.75,0.5,0.45,0.375,0
159,0.75,1,1,0.8,0.775,0.625,0.575,0.45,0.4,0.05,0
160,0.75,1,1,0.9,0.825,0.55,0.475,0.425,0.1,0.05,0
161,0.75,1,1,0.9,0.675,0.625,0.55,0.4,0.1,0.05,0
162,0.75,1,1,0.975,0.875,0.625,0.575,0.475,0.35,0.05,0
163,0.75,1,1,0.8,0.75,0.65,0.6,0.45,0.1,0.05,0
164,0.75,1,1,0.95,0.7,0.6,0.55,0.4,0.35,0.05,0
165,0.75,1,1,0.975,0.85,0.65,0.525,0.475,0.4,0.05,0
166,0.75,1,1,0.9,0.85,0.625,0.525,0.475,0.1,0.05,0
167,0.75,1,1,0.9,0.65,0.6,0.55,0.45,0.1,0.05,0
168,0.75,1,1,0.9,0.85,0.65,0.575,0.45,0.4,0.05,0
169,0.75,1,1,0.925,0.825,0.55,0.5,0.425,0.375,0.05,0
170,0.75,1,1,0.95,0.75,0.7,0.675,0.55,0.5,0.325,0
171,0.75,1,1,0.9,0.825,0.775,0.45,0.4,0.325,0.05,0
172,0.75,1,1,0.9,0.85,0.6,0.575,0.4,0.35,0.05,0
173,0.75,1,1,0.8,0.675,0.6,0.525,0.475,0.425,0.375,0
174,0.75,1,1,0.975,0.725,0.675,0.575,0.5,0.45,0.35,0
175,0.75,1,1,0.95,0.85,0.8,0.75,0.725,0.4,0.35,0
176,0.75,1,1,0.95,0.85,0.8,0.5,0.375,0.1,0.05,0
177,0.75,1,1,0.9,0.85,0.825,0.55,0.475,0.425,0.325,0
178,0.75,1,1,0.9,0.625,0.575,0.525,0.475,0.4,0.35,0
179,0.75,1,1,0.95,0.85,0.55,0.475,0.4,0.1,0.05,0
180,0.75,1,1,0.9,0.625,0.575,0.5,0.425,0.375,0.05,0
181,0.75,1,1,0.9,0.675,0.625,0.575,0.525,0.45,0.325,0
182,0.75,1,1,0.8,0.7,0.65,0.525,0.475,0.425,0.375,0
183,0.75,1,1,0.8,0.775,0.675,0.575,0.5,0.1,0.05,0
184,0.75,1,1,0.9,0.875,0.6,0.55,0.425,0.1,0.05,0
185,0.75,1,1,0.975,0.875,0.65,0.575,0.525,0.4,0.05,0
186,0.75,1,1,0.9,0.85,0.6,0.575,0.45,0.1,0.05,0
187,0.75,1,1,0.95,0.9,0.8,0.725,0.675,0.35,0.05,0
188,0.75,1,1,0.9,0.875,0.825,0.575,0.55,0.4,0.35,0
189,0.75,1,1,0.9,0.7,0.625,0.575,0.425,0.1,0.05,0
190,0.75,1,1,0.9,0.85,0.8,0.55,0.5,0.425,0.375,0
191,0.75,1,1,0.775,0.675,0.575,0.45,0.375,0.1,0.05,0
192,0.75,1,1,0.95,0.75,0.625,0.575,0.45,0.35,0.05,0
193,0.75,1,1,0.9,0.85,0.625,0.5,0.375,0.325,0.05,0
194,0.75,1,1,0.95,0.75,0.7,0.65,0.575,0.4,0.05,0
195,0.75,1,1,0.9,0.65,0.6,0.5,0.45,0.1,0.05,0
196,0.75,1,1,0.9,0.675,0.625,0.55,0.5,0.4,0.35,0
197,0.75,1,1,0.975,0.875,0.825,0.525,0.475,0.4,0.35,0
198,0.75,1,1,0.9,0.85,0.6,0.55,0.45,0.4,0.35,0
199,0.75,1,1,0.95,0.85,0.6,0.55,0.5,0.4,0.3,0
200,0.75,1,1,0.9,0.875,0.825,0.525,0.475,0.425,0.375,0
201,0.75,1,1,0.9,0.85,0.65,0.525,0.4,0.35,0.3,0
202,0.75,1,1,0.975,0.95,0.8,0.5,0.4,0.35,0.05,0
203,0.75,1,1,0.85,0.825,0.7,0.55,0.475,0.425,0.05,0
204,0.75,1,1,0.95,0.85,0.575,0.525,0.475,0.4,0.3,0
205,0.75,1,1,0.9,0.825,0.55,0.475,0.225,0.1,0.05,0
206,0.75,1,1,0.9,0.65,0.575,0.5,0.4,0.35,0.3,0
207,0.75,1,1,0.95,0.85,0.8,0.55,0.4,0.35,0.05,0
208,0.75,1,1,0.8,0.775,0.75,0.6,0.45,0.1,0.05,0
209,0.75,1,1,0.75,0.65,0.575,0.55,0.45,0.4,0.35,0
210,0.75,1,1,0.75,0.7,0.6,0.55,0.5,0.4,0.35,0
211,0.75,1,1,0.9,0.875,0.575,0.5,0.45,0.4,0.05,0
212,0.75,1,1,0.95,0.925,0.875,0.625,0.5,0.425,0.375,0
213,0.75,1,1,0.9,0.875,0.825,0.55,0.45,0.4,0.35,0
214,0.75,1,1,0.9,0.85,0.575,0.5,0.4,0.1,0.05,0
215,0.75,1,1,0.9,0.85,0.575,0.5,0.45,0.4,0.35,0
216,0.75,1,1,0.8,0.75,0.65,0.6,0.525,0.475,0.3,0
217,0.75,1,1,0.9,0.675,0.65,0.55,0.3,0.1,0.05,0
218,0.75,1,1,0.925,0.825,0.6,0.475,0.425,0.35,0.3,0
219,0.75,1,1,0.9,0.625,0.6,0.525,0.45,0.4,0.05,0
220,0.75,1,1,0.9,0.85,0.8,0.525,0.45,0.1,0.05,0
221,0.75,1,1,0.9,0.85,0.65,0.525,0.475,0.425,0.375,0
222,0.75,1,1,0.9,0.875,0.825,0.525,0.475,0.4,0.35,0
223,0.75,1,1,0.825,0.725,0.675,0.625,0.575,0.4,0.05,0
224,0.75,1,1,0.95,0.85,0.6,0.55,0.475,0.425,0.375,0
225,0.75,1,1,0.975,0.85,0.825,0.525,0.45,0.4,0.35,0
226,0.75,1,1,0.9,0.85,0.825,0.55,0.45,0.4,0.35,0
227,0.75,1,1,0.8,0.725,0.625,0.55,0.4,0.1,0.05,0
228,0.75,1,1,0.975,0.925,0.825,0.525,0.475,0.425,0.35,0
229,0.75,1,1,0.9,0.875,0.625,0.55,0.5,0.425,0.05,0
230,0.75,1,1,0.95,0.925,0.825,0.55,0.5,0.375,0.05,0
231,0.75,1,1,0.9,0.675,0.625,0.55,0.5,0.425,0.375,0
232,0.75,1,1,0.9,0.65,0.6,0.55,0.4,0.35,0.3,0
233,0.75,1,1,0.9,0.875,0.825,0.525,0.45,0.4,0.35,0
234,0.75,1,1,0.9,0.65,0.6,0.55,0.5,0.45,0.4,0
235,0.75,1,1,0.95,0.8,0.675,0.625,0.4,0.35,0.05,0
236,0.75,1,1,0.95,0.85,0.8,0.5,0.45,0.35,0.05,0
237,0.75,1,1,0.95,0.85,0.8,0.525,0.475,0.4,0.05,0
238,0.75,1,1,0.95,0.85,0.8,0.55,0.4,0.1,0.05,0
239,0.75,1,1,0.825,0.7,0.65,0.525,0.45,0.4,0.05,0
240,0.75,1,1,0.8,0.775,0.625,0.6,0.55,0.45,0.05,0
241,0.75,1,1,0.95,0.85,0.825,0.5,0.375,0.325,0.05,0
242,0.75,1,1,0.9,0.85,0.825,0.775,0.45,0.1,0.05,0
243,0.75,1,1,0.9,0.85,0.8,0.55,0.45,0.4,0.05,0
244,0.75,1,1,0.775,0.725,0.625,0.55,0.5,0.425,0.375,0
245,0.75,1,1,0.9,0.875,0.6,0.5,0.4,0.1,0.05,0
246,0.75,1,1,0.95,0.85,0.575,0.525,0.5,0.4,0.05,0
247,0.75,1,1,0.775,0.75,0.7,0.575,0.525,0.4,0.05,0
248,0.75,1,1,0.9,0.85,0.65,0.6,0.5,0.35,0.05,0
249,0.75,1,1,0.8,0.775,0.725,0.6,0.4,0.1,0.05,0
250,0.75,1,1,0.95,0.85,0.625,0.575,0.5,0.35,0.3,0
251,0.75,1,1,0.975,0.875,0.6,0.525,0.475,0.4,0.35,0
252,0.75,1,1,0.95,0.85,0.65,0.525,0.45,0.1,0.05,0
253,0.75,1,1,0.8,0.7,0.675,0.55,0.5,0.45,0.05,0
254,0.75,1,1,0.9,0.85,0.65,0.55,0.45,0.4,0.05,0
255,0.75,1,1,0.975,0.925,0.825,0.775,0.725,0.675,0.575,0
256,0.75,1,1,0.9,0.875,0.8,0.75,0.425,0.375,0.325,0
257,0.75,1,1,0.9,0.65,0.625,0.55,0.5,0.425,0.375,0
258,0.75,1,1,0.8,0.775,0.625,0.525,0.45,0.1,0.05,0
259,0.75,1,1,0.875,0.85,0.725,0.65,0.475,0.1,0.05,0
260,0.75,1,1,0.925,0.825,0.575,0.525,0.4,0.35,0.05,0
261,0.75,1,1,0.8,0.7,0.65,0.575,0.5,0.45,0.3,0
262,0.75,1,1,0.9,0.825,0.55,0.5,0.4,0.35,0.05,0
263,0.75,1,1,0.9,0.875,0.85,0.525,0.45,0.4,0.05,0
264,0.75,1,1,0.9,0.875,0.825,0.575,0.525,0.4,0.05,0
265,0.75,1,1,0.9,0.625,0.575,0.5,0.4,0.1,0.05,0
266,0.75,1,1,0.9,0.65,0.6,0.575,0.45,0.4,0.35,0
267,0.75,1,1,0.9,0.875,0.825,0.525,0.45,0.4,0.35,0
268,0.75,1,1,0.95,0.925,0.7,0.55,0.5,0.425,0.05,0
269,0.75,1,1,0.9,0.85,0.6,0.55,0.4,0.35,0.05,0
270,0.75,1,1,0.9,0.875,0.65,0.55,0.5,0.375,0.05,0
271,0.75,1,1,0.775,0.675,0.575,0.5,0.225,0.1,0.05,0
272,0.75,1,1,0.9,0.675,0.65,0.525,0.45,0.4,0.05,0
273,0.75,1,1,0.9,0.625,0.55,0.5,0.4,0.1,0.05,0
274,0.75,1,1,0.9,0.675,0.65,0.55,0.45,0.1,0.05,0
275,0.75,1,1,0.95,0.9,0.85,0.75,0.475,0.35,0.05,0
276,0.75,1,1,0.9,0.7,0.675,0.525,0.425,0.1,0.05,0
277,0.75,1,1,0.925,0.825,0.575,0.5,0.4,0.35,0.05,0
278,0.75,1,1,0.775,0.675,0.65,0.55,0.5,0.35,0.3,0
279,0.75,1,1,0.95,0.75,0.7,0.525,0.475,0.4,0.35,0
280,0.75,1,1,0.9,0.7,0.675,0.625,0.55,0.5,0.35,0
281,0.75,1,1,0.95,0.75,0.725,0.575,0.475,0.425,0.05,0
282,0.75,1,1,0.975,0.775,0.725,0.6,0.525,0.4,0.35,0
283,0.75,1,1,0.9,0.85,0.575,0.5,0.45,0.3,0.05,0
284,0.75,1,1,0.9,0.85,0.825,0.55,0.45,0.1,0.05,0
285,0.75,1,1,0.95,0.85,0.775,0.7,0.4,0.35,0.05,0
286,0.75,1,1,0.825,0.725,0.675,0.575,0.4,0.1,0.05,0
287,0.75,1,1,0.9,0.875,0.625,0.575,0.45,0.4,0.05,0
288,0.75,1,1,0.8,0.7,0.675,0.575,0.45,0.4,0.05,0
289,0.75,1,1,0.95,0.85,0.625,0.6,0.475,0.425,0.35,0
290,0.75,1,1,0.825,0.725,0.7,0.6,0.475,0.425,0.05,0
291,0.75,1,1,0.9,0.65,0.625,0.525,0.45,0.1,0.05,0
292,0.75,1,1,0.75,0.725,0.625,0.525,0.475,0.425,0.35,0
293,0.75,1,1,0.9,0.725,0.675,0.625,0.6,0.45,0.325,0
294,0.75,1,1,0.775,0.65,0.575,0.475,0.4,0.1,0.05,0
295,0.75,1,1,0.9,0.675,0.6,0.525,0.475,0.35,0.05,0
296,0.75,1,1,0.95,0.775,0.675,0.6,0.55,0.5,0.35,0
297,0.75,1,1,0.8,0.775,0.625,0.55,0.5,0.45,0.375,0
298,0.75,1,1,0.9,0.675,0.65,0.6,0.55,0.4,0.35,0
299,0.75,1,1,0.9,0.875,0.65,0.525,0.4,0.35,0.05,0
300,0.75,1,1,0.775,0.75,0.65,0.6,0.55,0.4,0.35,0
301,0.75,1,1,0.8,0.775,0.675,0.575,0.525,0.4,0.35,0
302,0.75,1,1,0.775,0.675,0.625,0.55,0.5,0.35,0.3,0
303,0.75,1,1,0.975,0.875,0.825,0.525,0.45,0.4,0.35,0
304,0.75,1,1,0.9,0.85,0.8,0.75,0.475,0.425,0.35,0
305,0.75,1,1,0.975,0.85,0.65,0.55,0.45,0.4,0.05,0
306,0.75,1,1,0.9,0.85,0.8,0.55,0.4,0.1,0.05,0
307,0.75,1,1,0.9,0.675,0.6,0.55,0.475,0.1,0.05,0
308,0.75,1,1,0.9,0.85,0.825,0.575,0.475,0.3,0.25,0
309,0.75,1,1,0.95,0.85,0.8,0.75,0.475,0.425,0.375,0
310,0.75,1,1,0.9,0.65,0.6,0.525,0.475,0.425,0.35,0
311,0.75,1,1,0.975,0.875,0.625,0.575,0.45,0.4,0.35,0
312,0.75,1,1,0.9,0.85,0.6,0.575,0.55,0.5,0.375,0
313,0.75,1,1,0.775,0.75,0.65,0.6,0.525,0.35,0.05,0
314,0.75,1,1,0.9,0.85,0.8,0.75,0.5,0.4,0.35,0
315,0.75,1,1,0.9,0.85,0.6,0.5,0.45,0.35,0.05,0
316,0.75,1,1,0.775,0.675,0.575,0.525,0.475,0.425,0.35,0
317,0.75,1,1,0.95,0.75,0.65,0.6,0.55,0.4,0.35,0
318,0.75,1,1,0.775,0.675,0.6,0.55,0.45,0.35,0.05,0
319,0.75,1,1,0.8,0.7,0.675,0.625,0.525,0.35,0.05,0
320,0.75,1,1,0.9,0.65,0.6,0.525,0.45,0.4,0.35,0
321,0.75,1,1,0.9,0.65,0.625,0.575,0.55,0.425,0.05,0
322,0.75,1,1,0.9,0.625,0.575,0.525,0.475,0.425,0.375,0
323,0.75,1,1,0.9,0.85,0.6,0.575,0.525,0.4,0.05,0
324,0.75,1,1,0.9,0.85,0.825,0.75,0.7,0.1,0.05,0
325,0.75,1,1,0.95,0.85,0.575,0.525,0.45,0.4,0.35,0
326,0.75,1,1,0.9,0.675,0.65,0.6,0.55,0.475,0.3,0
327,0.75,1,1,0.975,0.75,0.675,0.65,0.45,0.4,0.05,0
328,0.75,1,1,0.775,0.725,0.7,0.6,0.425,0.375,0.3,0
329,0.75,1,1,0.9,0.85,0.575,0.55,0.45,0.4,0.35,0
330,0.75,1,1,0.75,0.7,0.6,0.575,0.45,0.1,0.05,0
331,0.75,1,1,0.9,0.625,0.6,0.5,0.45,0.4,0.35,0
332,0.75,1,1,0.85,0.75,0.675,0.625,0.575,0.45,0.05,0
333,0.75,1,1,0.9,0.675,0.65,0.5,0.375,0.1,0.05,0
334,0.75,1,1,0.775,0.75,0.625,0.575,0.45,0.4,0.05,0
335,0.75,1,1,0.9,0.85,0.675,0.55,0.45,0.1,0.05,0
336,0.75,1,1,0.8,0.775,0.675,0.6,0.55,0.4,0.05,0
337,0.75,1,1,0.925,0.825,0.575,0.55,0.425,0.1,0.05,0
338,0.75,1,1,0.95,0.9,0.8,0.525,0.475,0.35,0.05,0
339,0.75,1,1,0.9,0.7,0.625,0.575,0.5,0.35,0.3,0
340,0.75,1,1,0.975,0.925,0.825,0.5,0.275,0.225,0.05,0
341,0.75,1,1,0.9,0.875,0.65,0.55,0.4,0.35,0.05,0
342,0.75,1,1,0.95,0.875,0.775,0.525,0.4,0.1,0.05,0
343,0.75,1,1,0.8,0.7,0.65,0.575,0.525,0.35,0.05,0
344,0.75,1,1,0.975,0.875,0.625,0.575,0.45,0.4,0.05,0
345,0.75,1,1,0.975,0.85,0.825,0.55,0.45,0.1,0.05,0
346,0.75,1,1,0.9,0.675,0.6,0.55,0.5,0.35,0.3,0
347,0.75,1,1,0.9,0.85,0.6,0.55,0.5,0.45,0.325,0
348,0.75,1,1,0.9,0.85,0.65,0.525,0.4,0.1,0.05,0
349,0.75,1,1,0.9,0.625,0.6,0.55,0.45,0.1,0.05,0
350,0.75,1,1,0.9,0.825,0.8,0.725,0.4,0.35,0.05,0
351,0.75,1,1,0.9,0.825,0.775,0.725,0.475,0.35,0.05,0
352,0.75,1,1,0.9,0.7,0.675,0.6,0.45,0.4,0.05,0
353,0.75,1,1,0.825,0.725,0.675,0.6,0.5,0.1,0.05,0
354,0.75,1,1,0.975,0.85,0.775,0.5,0.425,0.1,0.05,0
355,0.75,1,1,0.9,0.875,0.825,0.8,0.525,0.475,0.35,0
356,0.75,1,1,0.9,0.625,0.6,0.5,0.45,0.35,0.05,0
357,0.75,1,1,0.9,0.875,0.825,0.575,0.525,0.475,0.35,0
358,0.75,1,1,0.9,0.65,0.625,0.575,0.525,0.4,0.35,0
359,0.75,1,1,0.9,0.65,0.575,0.45,0.4,0.35,0.3,0
360,0.75,1,1,0.975,0.925,0.825,0.55,0.45,0.1,0.05,0
361,0.75,1,1,0.95,0.925,0.825,0.55,0.425,0.1,0.05,0
362,0.75,1,1,0.975,0.875,0.625,0.525,0.4,0.35,0.05,0
363,0.75,1,1,0.825,0.75,0.675,0.5,0.45,0.35,0.05,0
364,0.75,1,1,0.9,0.875,0.65,0.55,0.5,0.35,0.3,0
365,0.75,1,1,0.775,0.7,0.675,0.55,0.425,0.375,0.05,0
366,0.75,1,1,0.9,0.725,0.65,0.6,0.45,0.375,0.325,0
367,0.75,1,1,0.9,0.85,0.8,0.725,0.675,0.35,0.3,0
368,0.75,1,1,0.9,0.85,0.625,0.6,0.55,0.4,0.35,0
369,0.75,1,1,0.9,0.675,0.6,0.525,0.425,0.1,0.05,0
370,0.75,1,1,0.775,0.675,0.6,0.575,0.45,0.1,0.05,0
371,0.75,1,1,0.75,0.675,0.575,0.525,0.4,0.1,0.05,0
372,0.75,1,1,0.775,0.675,0.625,0.575,0.5,0.4,0.35,0
373,0.75,1,1,0.9,0.85,0.625,0.575,0.45,0.3,0.25,0
374,0.75,1,1,0.9,0.675,0.625,0.6,0.5,0.35,0.3,0
375,0.75,1,1,0.9,0.675,0.65,0.525,0.475,0.425,0.375,0
376,0.75,1,1,0.9,0.85,0.675,0.625,0.45,0.4,0.35,0
377,0.75,1,1,0.775,0.675,0.625,0.575,0.45,0.1,0.05,0
378,0.75,1,1,0.9,0.85,0.675,0.5,0.4,0.1,0.05,0
379,0.75,1,1,0.775,0.675,0.65,0.625,0.575,0.4,0.35,0
380,0.75,1,1,0.8,0.7,0.65,0.6,0.55,0.475,0.375,0
381,0.75,1,1,0.8,0.7,0.625,0.575,0.5,0.4,0.05,0
382,0.75,1,1,0.95,0.9,0.675,0.5,0.45,0.1,0.05,0
383,0.75,1,1,0.9,0.65,0.625,0.575,0.525,0.4,0.05,0
384,0.75,1,1,0.8,0.725,0.625,0.525,0.4,0.35,0.05,0
385,0.75,1,1,0.9,0.85,0.8,0.525,0.475,0.4,0.35,0
386,0.75,1,1,0.9,0.7,0.625,0.475,0.4,0.35,0.05,0
387,0.75,1,1,0.9,0.85,0.8,0.725,0.7,0.65,0.05,0
388,0.75,1,1,0.8,0.7,0.65,0.575,0.5,0.4,0.05,0
389,0.75,1,1,0.9,0.85,0.65,0.525,0.4,0.1,0.05,0
390,0.75,1,1,0.9,0.65,0.6,0.55,0.5,0.375,0.325,0
391,0.75,1,1,0.9,0.85,0.575,0.5,0.45,0.4,0.05,0
392,0.75,1,1,0.9,0.85,0.6,0.525,0.45,0.4,0.35,0
393,0.75,1,1,0.975,0.775,0.65,0.6,0.5,0.1,0.05,0
394,0.75,1,1,0.9,0.85,0.8,0.6,0.475,0.35,0.05,0
395,0.75,1,1,0.9,0.675,0.625,0.6,0.55,0.4,0.05,0
396,0.75,1,1,0.9,0.7,0.625,0.55,0.4,0.1,0.05,0
397,0.75,1,1,0.9,0.725,0.675,0.625,0.55,0.35,0.05,0
398,0.75,1,1,0.9,0.85,0.6,0.55,0.525,0.4,0.35,0
399,0.75,1,1,0.775,0.675,0.625,0.55,0.5,0.35,0.3,0
400,0.75,1,1,0.775,0.75,0.65,0.6,0.55,0.4,0.35,0
401,0.75,1,1,0.9,0.85,0.625,0.55,0.475,0.1,0.05,0
402,0.75,1,1,0.8,0.7,0.675,0.575,0.45,0.1,0.05,0
403,0.75,1,1,0.95,0.85,0.8,0.5,0.4,0.35,0.05,0
404,0.75,1,1,0.9,0.85,0.6,0.5,0.4,0.35,0.05,0
405,0.75,1,1,0.9,0.675,0.625,0.55,0.4,0.1,0.05,0
406,0.75,1,1,0.775,0.65,0.575,0.45,0.4,0.125,0.05,0
407,0.75,1,1,0.9,0.85,0.8,0.525,0.475,0.4,0.05,0
408,0.75,1,1,0.8,0.75,0.725,0.6,0.475,0.35,0.3,0
409,0.75,1,1,0.9,0.85,0.625,0.575,0.4,0.35,0.05,0
410,0.75,1,1,0.775,0.675,0.65,0.55,0.45,0.1,0.05,0
411,0.75,1,1,0.775,0.675,0.65,0.525,0.45,0.1,0.05,0
412,0.75,1,1,0.9,0.85,0.8,0.525,0.475,0.425,0.05,0
413,0.75,1,1,0.95,0.85,0.6,0.55,0.475,0.425,0.05,0
414,0.75,1,1,0.95,0.85,0.825,0.775,0.45,0.4,0.35,0
415,0.75,1,1,0.9,0.85,0.8,0.575,0.525,0.475,0.375,0
416,0.75,1,1,0.9,0.675,0.625,0.55,0.475,0.1,0.05,0
417,0.75,1,1,0.9,0.65,0.625,0.575,0.525,0.475,0.35,0
418,0.75,1,1,0.975,0.925,0.675,0.575,0.525,0.45,0.35,0
419,0.75,1,1,0.9,0.675,0.6,0.5,0.425,0.375,0.05,0
420,0.75,1,1,0.8,0.75,0.65,0.55,0.5,0.425,0.05,0
421,0.75,1,1,0.9,0.85,0.575,0.525,0.475,0.425,0.375,0
422,0.75,1,1,0.9,0.725,0.7,0.65,0.525,0.425,0.375,0
423,0.75,1,1,0.9,0.85,0.8,0.525,0.475,0.425,0.375,0
424,0.75,1,1,0.9,0.675,0.625,0.6,0.525,0.4,0.05,0
425,0.75,1,1,0.9,0.85,0.775,0.7,0.65,0.35,0.05,0
426,0.75,1,1,0.9,0.65,0.6,0.5,0.4,0.35,0.05,0
427,0.75,1,1,0.775,0.675,0.575,0.5,0.45,0.4,0.35,0
428,0.75,1,1,0.9,0.85,0.825,0.55,0.45,0.1,0.05,0
429,0.75,1,1,0.9,0.675,0.6,0.55,0.5,0.4,0.05,0
430,0.75,1,1,0.9,0.825,0.8,0.725,0.4,0.1,0.05,0
431,0.75,1,1,0.9,0.875,0.825,0.55,0.425,0.1,0.05,0
432,0.75,1,1,0.95,0.925,0.825,0.775,0.475,0.4,0.05,0
433,0.75,1,1,0.95,0.85,0.625,0.575,0.5,0.475,0.35,0
434,0.75,1,1,0.95,0.85,0.6,0.525,0.475,0.425,0.375,0
435,0.75,1,1,0.775,0.65,0.625,0.525,0.475,0.35,0.05,0
436,0.75,1,1,0.775,0.725,0.55,0.275,0.2,0.15,0.1,0
437,0.75,1,1,0.825,0.725,0.675,0.625,0.575,0.425,0.3,0
438,0.75,1,1,0.775,0.675,0.6,0.5,0.45,0.35,0.3,0
439,0.75,1,1,0.9,0.85,0.65,0.55,0.45,0.1,0.05,0
440,0.75,1,1,0.9,0.875,0.6,0.525,0.45,0.4,0.35,0
441,0.75,1,1,0.9,0.65,0.625,0.575,0.5,0.4,0.05,0
442,0.75,1,1,0.9,0.85,0.825,0.775,0.475,0.425,0.375,0
443,0.75,1,1,0.8,0.7,0.65,0.55,0.4,0.1,0.05,0
444,0.75,1,1,0.95,0.725,0.625,0.575,0.475,0.375,0.05,0
445,0.75,1,1,0.775,0.675,0.65,0.6,0.45,0.4,0.35,0
446,0.75,1,1,0.9,0.85,0.575,0.525,0.5,0.4,0.35,0
447,0.75,1,1,0.975,0.9,0.8,0.75,0.475,0.35,0.3,0
448,0.75,1,1,0.775,0.75,0.7,0.625,0.45,0.1,0.05,0
449,0.75,1,1,0.9,0.85,0.8,0.75,0.475,0.425,0.375,0
450,0.75,1,1,0.9,0.85,0.825,0.55,0.5,0.4,0.35,0
451,0.75,1,1,0.9,0.65,0.575,0.525,0.475,0.4,0.05,0
452,0.75,1,1,0.9,0.85,0.65,0.525,0.475,0.35,0.05,0
453,0.75,1,1,0.9,0.875,0.65,0.525,0.425,0.375,0.05,0
454,0.75,1,1,0.775,0.75,0.65,0.575,0.45,0.1,0.05,0
455,0.75,1,1,0.95,0.85,0.8,0.525,0.475,0.35,0.05,0
456,0.75,1,1,0.95,0.85,0.775,0.75,0.7,0.1,0.05,0
457,0.75,1,1,0.95,0.9,0.8,0.525,0.475,0.425,0.375,0
458,0.75,1,1,0.9,0.875,0.825,0.525,0.45,0.1,0.05,0
459,0.75,1,1,0.9,0.65,0.6,0.55,0.5,0.4,0.05,0
460,0.75,1,1,0.95,0.85,0.825,0.575,0.45,0.1,0.05,0
461,0.75,1,1,0.9,0.85,0.6,0.575,0.525,0.45,0.3,0
462,0.75,1,1,0.975,0.875,0.65,0.575,0.45,0.1,0.05,0
463,0.75,1,1,0.975,0.775,0.725,0.675,0.525,0.45,0.4,0
464,0.75,1,1,0.9,0.675,0.65,0.525,0.4,0.35,0.05,0
465,0.75,1,1,0.775,0.675,0.625,0.6,0.5,0.4,0.35,0
466,0.75,1,1,0.95,0.775,0.675,0.625,0.575,0.525,0.325,0
467,0.75,1,1,0.95,0.75,0.65,0.525,0.4,0.1,0.05,0
468,0.75,1,1,0.9,0.85,0.6,0.55,0.5,0.425,0.3,0
469,0.75,1,1,0.825,0.775,0.65,0.575,0.525,0.35,0.05,0
470,0.75,1,1,0.9,0.85,0.575,0.525,0.475,0.225,0.05,0
471,0.75,1,1,0.95,0.85,0.8,0.55,0.5,0.4,0.35,0
472,0.75,1,1,0.9,0.85,0.625,0.575,0.525,0.425,0.375,0
473,0.75,1,1,0.8,0.775,0.675,0.55,0.4,0.1,0.05,0
474,0.75,1,1,0.775,0.675,0.65,0.55,0.45,0.4,0.35,0
475,0.75,1,1,0.9,0.875,0.65,0.55,0.425,0.1,0.05,0
476,0.75,1,1,0.95,0.85,0.8,0.525,0.475,0.425,0.05,0
477,0.75,1,1,0.9,0.85,0.825,0.525,0.475,0.4,0.35,0
478,0.75,1,1,0.9,0.65,0.6,0.55,0.45,0.4,0.35,0
479,0.75,1,1,0.95,0.85,0.675,0.575,0.425,0.375,0.05,0
480,0.75,1,1,0.9,0.85,0.825,0.775,0.7,0.35,0.05,0
481,0.75,1,1,0.9,0.875,0.6,0.55,0.475,0.35,0.05,0
482,0.75,1,1,0.9,0.675,0.6,0.55,0.5,0.4,0.05,0
483,0.75,1,1,0.95,0.85,0.8,0.575,0.5,0.45,0.325,0
484,0.75,1,1,0.9,0.85,0.775,0.725,0.65,0.6,0.05,0
485,0.75,1,1,0.9,0.675,0.625,0.55,0.5,0.45,0.05,0
486,0.75,1,1,0.975,0.925,0.875,0.775,0.5,0.4,0.05,0
487,0.75,1,1,0.9,0.65,0.6,0.55,0.5,0.45,0.4,0
488,0.75,1,1,0.9,0.85,0.575,0.5,0.45,0.4,0.05,0
489,0.75,1,1,0.95,0.85,0.6,0.55,0.5,0.4,0.35,0
490,0.75,1,1,0.8,0.75,0.65,0.625,0.525,0.475,0.325,0
491,0.75,1,1,0.9,0.725,0.7,0.6,0.55,0.425,0.05,0
492,0.75,1,1,0.8,0.7,0.625,0.475,0.425,0.1,0.05,0
493,0.75,1,1,0.9,0.85,0.65,0.6,0.55,0.45,0.375,0
494,0.75,1,1,0.9,0.875,0.85,0.8,0.75,0.4,0.05,0
495,0.75,1,1,0.9,0.875,0.6,0.55,0.45,0.15,0.05,0
496,0.75,1,1,0.8,0.75,0.65,0.6,0.525,0.425,0.375,0
497,0.75,1,1,0.8,0.7,0.625,0.575,0.45,0.1,0.05,0
498,0.75,1,1,0.9,0.825,0.775,0.5,0.425,0.1,0.05,0
499,0.75,1,1,0.9,0.875,0.825,0.775,0.725,0.625,0.575,0
500,0.75,1,1,0.9,0.825,0.55,0.5,0.4,0.35,0.05,0
